1248	4095	1250	4095	1253	4095	1266	4095	0
1247	4094	1249	4094	1253	4094	1265	4094	0
1251	4093	1252	4093	1256	4093	1269	4093	0
1250	4092	1252	4092	1256	4092	1269	4092	0
1251	4091	1253	4091	1257	4091	1270	4091	0
1251	4090	1253	4090	1257	4090	1270	4090	0
1250	4089	1251	4089	1255	4089	1268	4089	0
1251	4088	1253	4088	1256	4088	1269	4088	0
1250	4087	1252	4087	1256	4087	1269	4087	0
1251	4086	1251	4086	1255	4086	1268	4086	0
1252	4085	1253	4085	1257	4085	1270	4085	0
1251	4084	1253	4084	1256	4084	1270	4084	0
1250	4083	1251	4083	1255	4083	1268	4083	0
1251	4082	1253	4082	1256	4082	1269	4082	0
1250	4081	1251	4081	1255	4081	1268	4081	0
1252	4080	1253	4080	1256	4080	1269	4080	0
1250	4079	1251	4079	1255	4079	1268	4079	0
1251	4078	1253	4078	1257	4078	1270	4078	0
1251	4077	1253	4077	1256	4077	1270	4077	0
1251	4076	1252	4076	1256	4076	1269	4076	0
1251	4075	1253	4075	1257	4075	1270	4075	0
1251	4074	1253	4074	1256	4074	1269	4074	0
1251	4073	1252	4073	1255	4073	1269	4073	0
1251	4072	1253	4072	1256	4072	1270	4072	0
1250	4071	1251	4071	1255	4071	1268	4071	0
1251	4070	1253	4070	1256	4070	1269	4070	0
1250	4069	1252	4069	1255	4069	1269	4069	0
1251	4068	1252	4068	1256	4068	1269	4068	0
1251	4067	1253	4067	1257	4067	1270	4067	0
1251	4066	1252	4066	1256	4066	1268	4066	0
1252	4065	1253	4065	1257	4065	1270	4065	0
1250	4064	1251	4064	1255	4064	1268	4064	0
1249	4063	1251	4063	1255	4063	1268	4063	0
1252	4062	1253	4062	1257	4062	1270	4062	0
1251	4061	1253	4061	1257	4061	1270	4061	0
1250	4060	1252	4060	1256	4060	1269	4060	0
1252	4059	1254	4059	1258	4059	1271	4059	0
1252	4058	1253	4058	1257	4058	1270	4058	0
1252	4057	1254	4057	1257	4057	1270	4057	0
1253	4056	1254	4056	1258	4056	1271	4056	0
1252	4055	1253	4055	1256	4055	1269	4055	0
1250	4054	1252	4054	1255	4054	1269	4054	0
1251	4053	1252	4053	1256	4053	1268	4053	0
1252	4052	1253	4052	1257	4052	1271	4052	0
1252	4051	1253	4051	1257	4051	1270	4051	0
1251	4050	1252	4050	1256	4050	1269	4050	0
1252	4049	1253	4049	1257	4049	1271	4049	0
1251	4048	1253	4048	1257	4048	1270	4048	0
1252	4047	1253	4047	1257	4047	1271	4047	0
1251	4046	1252	4046	1256	4046	1269	4046	0
1252	4045	1253	4045	1257	4045	1270	4045	0
1252	4044	1253	4044	1257	4044	1270	4044	0
1252	4043	1253	4043	1257	4043	1270	4043	0
1252	4042	1253	4042	1257	4042	1270	4042	0
1251	4041	1253	4041	1257	4041	1269	4041	0
1252	4040	1254	4040	1258	4040	1270	4040	0
1252	4039	1254	4039	1258	4039	1270	4039	0
1251	4038	1253	4038	1257	4038	1270	4038	0
1252	4037	1254	4037	1257	4037	1271	4037	0
1252	4036	1254	4036	1258	4036	1271	4036	0
1252	4035	1254	4035	1257	4035	1270	4035	0
1252	4034	1253	4034	1257	4034	1270	4034	0
1251	4033	1253	4033	1257	4033	1270	4033	0
1253	4032	1255	4032	1258	4032	1271	4032	0
1251	4031	1253	4031	1257	4031	1269	4031	0
1252	4030	1253	4030	1257	4030	1269	4030	0
1251	4029	1253	4029	1256	4029	1269	4029	0
1251	4028	1252	4028	1255	4028	1269	4028	0
1252	4027	1253	4027	1258	4027	1270	4027	0
1251	4026	1253	4026	1257	4026	1270	4026	0
1252	4025	1254	4025	1257	4025	1270	4025	0
1251	4024	1253	4024	1257	4024	1269	4024	0
1250	4023	1252	4023	1256	4023	1269	4023	0
1252	4022	1253	4022	1256	4022	1270	4022	0
1252	4021	1252	4021	1256	4021	1269	4021	0
1252	4020	1253	4020	1257	4020	1270	4020	0
1252	4019	1254	4019	1257	4019	1270	4019	0
1252	4018	1253	4018	1257	4018	1270	4018	0
1251	4017	1252	4017	1256	4017	1269	4017	0
1252	4016	1253	4016	1257	4016	1270	4016	0
1251	4015	1253	4015	1256	4015	1270	4015	0
1251	4014	1253	4014	1256	4014	1269	4014	0
1252	4013	1253	4013	1257	4013	1270	4013	0
1251	4012	1253	4012	1256	4012	1269	4012	0
1252	4011	1254	4011	1257	4011	1270	4011	0
1251	4010	1253	4010	1256	4010	1269	4010	0
1252	4009	1254	4009	1257	4009	1270	4009	0
1251	4008	1253	4008	1257	4008	1270	4008	0
1251	4007	1252	4007	1256	4007	1269	4007	0
1252	4006	1254	4006	1257	4006	1270	4006	0
1252	4005	1253	4005	1257	4005	1269	4005	0
1254	4004	1256	4004	1259	4004	1272	4004	0
1252	4003	1254	4003	1257	4003	1270	4003	0
1254	4002	1255	4002	1259	4002	1272	4002	0
1252	4001	1254	4001	1258	4001	1270	4001	0
1252	4000	1254	4000	1258	4000	1271	4000	0
1252	3999	1254	3999	1257	3999	1270	3999	0
1252	3998	1254	3998	1258	3998	1270	3998	0
1253	3997	1254	3997	1258	3997	1271	3997	0
1253	3996	1253	3996	1257	3996	1270	3996	0
1252	3995	1254	3995	1258	3995	1270	3995	0
1252	3994	1253	3994	1257	3994	1269	3994	0
1252	3993	1254	3993	1258	3993	1270	3993	0
1251	3992	1252	3992	1256	3992	1269	3992	0
1252	3991	1253	3991	1257	3991	1270	3991	0
1252	3990	1254	3990	1257	3990	1270	3990	0
1252	3989	1254	3989	1258	3989	1271	3989	0
1252	3988	1253	3988	1257	3988	1270	3988	0
1252	3987	1253	3987	1257	3987	1270	3987	0
1252	3986	1254	3986	1257	3986	1270	3986	0
1251	3985	1252	3985	1257	3985	1270	3985	0
1252	3984	1253	3984	1257	3984	1270	3984	0
1251	3983	1252	3983	1257	3983	1269	3983	0
1252	3982	1253	3982	1257	3982	1270	3982	0
1252	3981	1254	3981	1258	3981	1270	3981	0
1252	3980	1253	3980	1257	3980	1270	3980	0
1253	3979	1254	3979	1258	3979	1271	3979	0
1253	3978	1254	3978	1258	3978	1271	3978	0
1253	3977	1254	3977	1257	3977	1271	3977	0
1252	3976	1253	3976	1257	3976	1270	3976	0
1253	3975	1254	3975	1258	3975	1271	3975	0
1252	3974	1253	3974	1257	3974	1270	3974	0
1251	3973	1253	3973	1256	3973	1268	3973	0
1253	3972	1255	3972	1258	3972	1272	3972	0
1252	3971	1254	3971	1257	3971	1270	3971	0
1252	3970	1253	3970	1256	3970	1270	3970	0
1251	3969	1253	3969	1257	3969	1269	3969	0
1252	3968	1252	3968	1256	3968	1269	3968	0
1253	3967	1254	3967	1258	3967	1271	3967	0
1252	3966	1254	3966	1257	3966	1271	3966	0
1252	3965	1254	3965	1258	3965	1270	3965	0
1253	3964	1255	3964	1258	3964	1271	3964	0
1252	3963	1254	3963	1256	3963	1270	3963	0
1255	3962	1256	3962	1259	3962	1272	3962	0
1252	3961	1254	3961	1258	3961	1271	3961	0
1252	3960	1254	3960	1257	3960	1270	3960	0
1254	3959	1256	3959	1259	3959	1272	3959	0
1252	3958	1253	3958	1257	3958	1270	3958	0
1252	3957	1253	3957	1257	3957	1270	3957	0
1253	3956	1255	3956	1258	3956	1271	3956	0
1252	3955	1253	3955	1257	3955	1270	3955	0
1253	3954	1255	3954	1258	3954	1272	3954	0
1252	3953	1254	3953	1257	3953	1271	3953	0
1253	3952	1254	3952	1258	3952	1271	3952	0
1251	3951	1253	3951	1257	3951	1271	3951	0
1253	3950	1254	3950	1259	3950	1271	3950	0
1253	3949	1254	3949	1257	3949	1270	3949	0
1254	3948	1256	3948	1259	3948	1272	3948	0
1254	3947	1255	3947	1258	3947	1271	3947	0
1252	3946	1254	3946	1257	3946	1270	3946	0
1251	3945	1253	3945	1257	3945	1270	3945	0
1253	3944	1254	3944	1258	3944	1271	3944	0
1253	3943	1255	3943	1259	3943	1272	3943	0
1252	3942	1254	3942	1257	3942	1270	3942	0
1252	3941	1254	3941	1257	3941	1270	3941	0
1254	3940	1255	3940	1259	3940	1272	3940	0
1253	3939	1254	3939	1258	3939	1271	3939	0
1251	3938	1253	3938	1257	3938	1270	3938	0
1253	3937	1254	3937	1258	3937	1271	3937	0
1253	3936	1255	3936	1259	3936	1271	3936	0
1253	3935	1254	3935	1258	3935	1271	3935	0
1253	3934	1255	3934	1259	3934	1271	3934	0
1252	3933	1254	3933	1257	3933	1270	3933	0
1253	3932	1254	3932	1258	3932	1271	3932	0
1254	3931	1255	3931	1259	3931	1272	3931	0
1254	3930	1255	3930	1259	3930	1272	3930	0
1252	3929	1254	3929	1257	3929	1271	3929	0
1252	3928	1254	3928	1258	3928	1270	3928	0
1253	3927	1255	3927	1258	3927	1272	3927	0
1252	3926	1253	3926	1258	3926	1270	3926	0
1253	3925	1255	3925	1258	3925	1271	3925	0
1251	3924	1253	3924	1257	3924	1270	3924	0
1253	3923	1254	3923	1258	3923	1272	3923	0
1253	3922	1254	3922	1258	3922	1271	3922	0
1252	3921	1254	3921	1257	3921	1271	3921	0
1253	3920	1254	3920	1258	3920	1271	3920	0
1253	3919	1255	3919	1258	3919	1272	3919	0
1254	3918	1255	3918	1259	3918	1272	3918	0
1253	3917	1255	3917	1259	3917	1272	3917	0
1252	3916	1253	3916	1258	3916	1271	3916	0
1253	3915	1255	3915	1258	3915	1271	3915	0
1252	3914	1254	3914	1258	3914	1270	3914	0
1255	3913	1256	3913	1259	3913	1273	3913	0
1253	3912	1255	3912	1258	3912	1271	3912	0
1254	3911	1256	3911	1260	3911	1273	3911	0
1253	3910	1255	3910	1258	3910	1272	3910	0
1253	3909	1255	3909	1259	3909	1273	3909	0
1254	3908	1256	3908	1260	3908	1273	3908	0
1253	3907	1254	3907	1258	3907	1271	3907	0
1253	3906	1254	3906	1258	3906	1271	3906	0
1252	3905	1253	3905	1257	3905	1270	3905	0
1252	3904	1253	3904	1257	3904	1270	3904	0
1254	3903	1255	3903	1259	3903	1271	3903	0
1253	3902	1254	3902	1258	3902	1271	3902	0
1254	3901	1255	3901	1258	3901	1272	3901	0
1252	3900	1254	3900	1258	3900	1271	3900	0
1253	3899	1255	3899	1259	3899	1271	3899	0
1253	3898	1255	3898	1258	3898	1271	3898	0
1253	3897	1255	3897	1259	3897	1272	3897	0
1253	3896	1254	3896	1258	3896	1271	3896	0
1254	3895	1256	3895	1259	3895	1272	3895	0
1253	3894	1255	3894	1258	3894	1271	3894	0
1255	3893	1256	3893	1259	3893	1273	3893	0
1253	3892	1255	3892	1258	3892	1272	3892	0
1253	3891	1254	3891	1258	3891	1271	3891	0
1253	3890	1255	3890	1258	3890	1272	3890	0
1253	3889	1254	3889	1258	3889	1271	3889	0
1254	3888	1255	3888	1259	3888	1272	3888	0
1254	3887	1255	3887	1259	3887	1272	3887	0
1253	3886	1254	3886	1258	3886	1271	3886	0
1254	3885	1255	3885	1259	3885	1272	3885	0
1253	3884	1255	3884	1259	3884	1272	3884	0
1254	3883	1254	3883	1258	3883	1271	3883	0
1255	3882	1256	3882	1259	3882	1272	3882	0
1253	3881	1255	3881	1258	3881	1271	3881	0
1254	3880	1256	3880	1259	3880	1271	3880	0
1253	3879	1254	3879	1258	3879	1271	3879	0
1254	3878	1256	3878	1259	3878	1272	3878	0
1253	3877	1255	3877	1258	3877	1271	3877	0
1255	3876	1255	3876	1259	3876	1273	3876	0
1253	3875	1254	3875	1258	3875	1271	3875	0
1253	3874	1255	3874	1258	3874	1271	3874	0
1253	3873	1254	3873	1258	3873	1271	3873	0
1253	3872	1255	3872	1259	3872	1272	3872	0
1253	3871	1255	3871	1259	3871	1272	3871	0
1253	3870	1254	3870	1258	3870	1270	3870	0
1254	3869	1256	3869	1260	3869	1273	3869	0
1254	3868	1255	3868	1258	3868	1272	3868	0
1252	3867	1254	3867	1257	3867	1270	3867	0
1253	3866	1254	3866	1258	3866	1271	3866	0
1253	3865	1254	3865	1258	3865	1271	3865	0
1253	3864	1254	3864	1258	3864	1271	3864	0
1254	3863	1255	3863	1259	3863	1272	3863	0
1254	3862	1255	3862	1259	3862	1272	3862	0
1254	3861	1256	3861	1260	3861	1273	3861	0
1254	3860	1256	3860	1259	3860	1273	3860	0
1254	3859	1255	3859	1259	3859	1272	3859	0
1254	3858	1255	3858	1258	3858	1272	3858	0
1254	3857	1255	3857	1260	3857	1273	3857	0
1255	3856	1257	3856	1260	3856	1273	3856	0
1254	3855	1256	3855	1260	3855	1273	3855	0
1255	3854	1257	3854	1261	3854	1274	3854	0
1253	3853	1254	3853	1258	3853	1271	3853	0
1254	3852	1255	3852	1259	3852	1272	3852	0
1255	3851	1256	3851	1260	3851	1273	3851	0
1254	3850	1255	3850	1259	3850	1272	3850	0
1254	3849	1255	3849	1260	3849	1273	3849	0
1254	3848	1255	3848	1259	3848	1272	3848	0
1254	3847	1255	3847	1259	3847	1272	3847	0
1254	3846	1256	3846	1260	3846	1273	3846	0
1254	3845	1256	3845	1260	3845	1273	3845	0
1254	3844	1256	3844	1260	3844	1273	3844	0
1254	4095	1255	4095	1259	4095	1272	4095	0
1253	4094	1255	4094	1258	4094	1271	4094	0
1252	4093	1254	4093	1258	4093	1271	4093	0
1254	4092	1256	4092	1259	4092	1272	4092	0
1254	4091	1255	4091	1259	4091	1271	4091	0
1255	4090	1256	4090	1260	4090	1273	4090	0
1254	4089	1255	4089	1259	4089	1272	4089	0
1254	4088	1256	4088	1259	4088	1272	4088	0
1255	4087	1257	4087	1260	4087	1273	4087	0
1253	4086	1255	4086	1258	4086	1271	4086	0
1254	4085	1256	4085	1260	4085	1272	4085	0
1254	4084	1255	4084	1258	4084	1272	4084	0
1253	4083	1255	4083	1258	4083	1271	4083	0
1255	4082	1257	4082	1261	4082	1273	4082	0
1252	4081	1254	4081	1257	4081	1271	4081	0
1255	4080	1256	4080	1260	4080	1272	4080	0
1253	4079	1255	4079	1259	4079	1271	4079	0
1253	4078	1255	4078	1259	4078	1272	4078	0
1252	4077	1254	4077	1258	4077	1271	4077	0
1253	4076	1255	4076	1259	4076	1272	4076	0
1253	4075	1255	4075	1258	4075	1272	4075	0
1253	4074	1255	4074	1259	4074	1272	4074	0
1254	4073	1255	4073	1259	4073	1272	4073	0
1255	4072	1256	4072	1260	4072	1272	4072	0
1255	4071	1256	4071	1260	4071	1273	4071	0
1253	4070	1255	4070	1259	4070	1272	4070	0
1253	4069	1255	4069	1258	4069	1272	4069	0
1252	4068	1255	4068	1258	4068	1272	4068	0
1255	4067	1257	4067	1260	4067	1273	4067	0
1254	4066	1256	4066	1260	4066	1273	4066	0
1253	4065	1255	4065	1258	4065	1272	4065	0
1254	4064	1255	4064	1259	4064	1273	4064	0
1255	4063	1256	4063	1260	4063	1273	4063	0
1255	4062	1256	4062	1260	4062	1273	4062	0
1252	4061	1254	4061	1258	4061	1271	4061	0
1254	4060	1255	4060	1259	4060	1272	4060	0
1255	4059	1256	4059	1260	4059	1273	4059	0
1255	4058	1257	4058	1260	4058	1273	4058	0
1253	4057	1255	4057	1258	4057	1272	4057	0
1253	4056	1254	4056	1258	4056	1271	4056	0
1255	4055	1256	4055	1260	4055	1273	4055	0
1254	4054	1256	4054	1260	4054	1272	4054	0
1255	4053	1256	4053	1260	4053	1273	4053	0
1255	4052	1257	4052	1260	4052	1273	4052	0
1253	4051	1254	4051	1258	4051	1271	4051	0
1253	4050	1255	4050	1258	4050	1271	4050	0
1253	4049	1255	4049	1258	4049	1272	4049	0
1254	4048	1255	4048	1258	4048	1272	4048	0
1254	4047	1256	4047	1259	4047	1272	4047	0
1253	4046	1255	4046	1258	4046	1271	4046	0
1255	4045	1256	4045	1260	4045	1273	4045	0
1253	4044	1255	4044	1259	4044	1272	4044	0
1254	4043	1256	4043	1260	4043	1272	4043	0
1255	4042	1257	4042	1260	4042	1274	4042	0
1255	4041	1256	4041	1260	4041	1273	4041	0
1255	4040	1257	4040	1261	4040	1273	4040	0
1254	4039	1255	4039	1259	4039	1272	4039	0
1254	4038	1255	4038	1259	4038	1272	4038	0
1254	4037	1257	4037	1260	4037	1273	4037	0
1253	4036	1255	4036	1259	4036	1272	4036	0
1255	4035	1256	4035	1260	4035	1273	4035	0
1254	4034	1255	4034	1259	4034	1271	4034	0
1255	4033	1257	4033	1259	4033	1272	4033	0
1254	4032	1256	4032	1259	4032	1272	4032	0
1253	4031	1255	4031	1259	4031	1272	4031	0
1254	4030	1256	4030	1260	4030	1273	4030	0
1254	4029	1256	4029	1259	4029	1273	4029	0
1256	4028	1257	4028	1261	4028	1274	4028	0
1253	4027	1255	4027	1258	4027	1271	4027	0
1255	4026	1257	4026	1261	4026	1274	4026	0
1254	4025	1256	4025	1260	4025	1273	4025	0
1254	4024	1256	4024	1259	4024	1272	4024	0
1255	4023	1256	4023	1260	4023	1273	4023	0
1253	4022	1254	4022	1259	4022	1271	4022	0
1254	4021	1255	4021	1258	4021	1272	4021	0
1256	4020	1257	4020	1260	4020	1273	4020	0
1255	4019	1256	4019	1260	4019	1273	4019	0
1254	4018	1256	4018	1259	4018	1272	4018	0
1254	4017	1256	4017	1259	4017	1272	4017	0
1254	4016	1255	4016	1259	4016	1272	4016	0
1255	4015	1256	4015	1260	4015	1273	4015	0
1253	4014	1255	4014	1259	4014	1272	4014	0
1254	4013	1256	4013	1259	4013	1272	4013	0
1255	4012	1256	4012	1259	4012	1272	4012	0
1255	4011	1257	4011	1260	4011	1273	4011	0
1255	4010	1256	4010	1260	4010	1273	4010	0
1254	4009	1256	4009	1259	4009	1272	4009	0
1254	4008	1256	4008	1259	4008	1272	4008	0
1255	4007	1256	4007	1259	4007	1272	4007	0
1254	4006	1255	4006	1259	4006	1272	4006	0
1254	4005	1256	4005	1260	4005	1272	4005	0
1256	4004	1258	4004	1262	4004	1275	4004	0
1255	4003	1256	4003	1260	4003	1273	4003	0
1255	4002	1257	4002	1261	4002	1273	4002	0
1255	4001	1257	4001	1260	4001	1273	4001	0
1254	4000	1256	4000	1259	4000	1272	4000	0
1255	3999	1256	3999	1260	3999	1273	3999	0
1253	3998	1255	3998	1259	3998	1271	3998	0
1255	3997	1257	3997	1260	3997	1273	3997	0
1255	3996	1257	3996	1260	3996	1274	3996	0
1254	3995	1256	3995	1259	3995	1272	3995	0
1254	3994	1256	3994	1259	3994	1272	3994	0
1254	3993	1255	3993	1259	3993	1272	3993	0
1254	3992	1256	3992	1260	3992	1272	3992	0
1255	3991	1257	3991	1260	3991	1273	3991	0
1254	3990	1255	3990	1259	3990	1272	3990	0
1255	3989	1256	3989	1260	3989	1273	3989	0
1255	3988	1257	3988	1260	3988	1272	3988	0
1256	3987	1257	3987	1260	3987	1273	3987	0
1255	3986	1257	3986	1260	3986	1273	3986	0
1255	3985	1256	3985	1260	3985	1273	3985	0
1254	3984	1255	3984	1259	3984	1272	3984	0
1255	3983	1256	3983	1260	3983	1273	3983	0
1255	3982	1256	3982	1259	3982	1272	3982	0
1254	3981	1256	3981	1259	3981	1273	3981	0
1255	3980	1257	3980	1260	3980	1273	3980	0
1255	3979	1256	3979	1260	3979	1273	3979	0
1255	3978	1257	3978	1259	3978	1273	3978	0
1254	3977	1256	3977	1260	3977	1273	3977	0
1255	3976	1257	3976	1260	3976	1273	3976	0
1254	3975	1256	3975	1259	3975	1272	3975	0
1254	3974	1256	3974	1260	3974	1273	3974	0
1254	3973	1255	3973	1259	3973	1272	3973	0
1256	3972	1257	3972	1261	3972	1274	3972	0
1254	3971	1256	3971	1259	3971	1272	3971	0
1255	3970	1256	3970	1260	3970	1272	3970	0
1253	3969	1255	3969	1259	3969	1271	3969	0
1255	3968	1257	3968	1260	3968	1273	3968	0
1254	3967	1256	3967	1259	3967	1273	3967	0
1255	3966	1257	3966	1261	3966	1275	3966	0
1255	3965	1257	3965	1261	3965	1274	3965	0
1255	3964	1257	3964	1261	3964	1273	3964	0
1255	3963	1257	3963	1261	3963	1274	3963	0
1256	3962	1257	3962	1260	3962	1274	3962	0
1255	3961	1256	3961	1260	3961	1274	3961	0
1255	3960	1256	3960	1260	3960	1274	3960	0
1256	3959	1258	3959	1261	3959	1274	3959	0
1255	3958	1257	3958	1260	3958	1274	3958	0
1255	3957	1256	3957	1260	3957	1273	3957	0
1255	3956	1256	3956	1260	3956	1273	3956	0
1255	3955	1257	3955	1260	3955	1273	3955	0
1254	3954	1256	3954	1259	3954	1273	3954	0
1257	3953	1258	3953	1262	3953	1275	3953	0
1255	3952	1258	3952	1261	3952	1274	3952	0
1255	3951	1257	3951	1261	3951	1274	3951	0
1256	3950	1258	3950	1261	3950	1274	3950	0
1254	3949	1256	3949	1260	3949	1273	3949	0
1254	3948	1256	3948	1260	3948	1273	3948	0
1255	3947	1256	3947	1260	3947	1273	3947	0
1256	3946	1258	3946	1261	3946	1274	3946	0
1255	3945	1257	3945	1260	3945	1274	3945	0
1255	3944	1257	3944	1260	3944	1273	3944	0
1256	3943	1258	3943	1261	3943	1274	3943	0
1254	3942	1255	3942	1259	3942	1272	3942	0
1255	3941	1257	3941	1261	3941	1274	3941	0
1256	3940	1258	3940	1261	3940	1274	3940	0
1255	3939	1257	3939	1260	3939	1274	3939	0
1255	3938	1257	3938	1260	3938	1274	3938	0
1256	3937	1258	3937	1262	3937	1275	3937	0
1255	3936	1256	3936	1260	3936	1273	3936	0
1256	3935	1258	3935	1262	3935	1274	3935	0
1255	3934	1257	3934	1260	3934	1274	3934	0
1256	3933	1256	3933	1260	3933	1273	3933	0
1256	3932	1257	3932	1261	3932	1274	3932	0
1255	3931	1256	3931	1261	3931	1274	3931	0
1256	3930	1257	3930	1260	3930	1274	3930	0
1256	3929	1258	3929	1261	3929	1275	3929	0
1256	3928	1258	3928	1261	3928	1274	3928	0
1255	3927	1256	3927	1260	3927	1273	3927	0
1255	3926	1257	3926	1260	3926	1273	3926	0
1255	3925	1256	3925	1259	3925	1273	3925	0
1255	3924	1257	3924	1261	3924	1274	3924	0
1256	3923	1257	3923	1261	3923	1274	3923	0
1254	3922	1256	3922	1258	3922	1271	3922	0
1255	3921	1256	3921	1259	3921	1272	3921	0
1256	3920	1258	3920	1262	3920	1275	3920	0
1255	3919	1257	3919	1261	3919	1274	3919	0
1257	3918	1259	3918	1262	3918	1276	3918	0
1255	3917	1257	3917	1261	3917	1273	3917	0
1255	3916	1256	3916	1260	3916	1274	3916	0
1254	3915	1256	3915	1259	3915	1273	3915	0
1255	3914	1257	3914	1260	3914	1273	3914	0
1256	3913	1258	3913	1262	3913	1275	3913	0
1256	3912	1258	3912	1262	3912	1275	3912	0
1255	3911	1257	3911	1260	3911	1273	3911	0
1255	3910	1256	3910	1260	3910	1274	3910	0
1256	3909	1257	3909	1261	3909	1274	3909	0
1256	3908	1257	3908	1261	3908	1274	3908	0
1255	3907	1257	3907	1261	3907	1274	3907	0
1256	3906	1258	3906	1262	3906	1274	3906	0
1255	3905	1256	3905	1261	3905	1274	3905	0
1256	3904	1258	3904	1261	3904	1275	3904	0
1256	3903	1258	3903	1262	3903	1275	3903	0
1257	3902	1259	3902	1262	3902	1276	3902	0
1256	3901	1258	3901	1262	3901	1275	3901	0
1255	3900	1257	3900	1261	3900	1274	3900	0
1255	3899	1257	3899	1261	3899	1273	3899	0
1255	3898	1257	3898	1261	3898	1274	3898	0
1256	3897	1257	3897	1261	3897	1274	3897	0
1257	3896	1258	3896	1261	3896	1274	3896	0
1256	3895	1257	3895	1261	3895	1274	3895	0
1256	3894	1257	3894	1261	3894	1274	3894	0
1255	3893	1256	3893	1260	3893	1273	3893	0
1257	3892	1258	3892	1262	3892	1276	3892	0
1255	3891	1257	3891	1260	3891	1273	3891	0
1255	3890	1256	3890	1261	3890	1274	3890	0
1257	3889	1259	3889	1262	3889	1275	3889	0
1256	3888	1258	3888	1261	3888	1274	3888	0
1256	3887	1258	3887	1262	3887	1275	3887	0
1255	3886	1257	3886	1260	3886	1274	3886	0
1255	3885	1257	3885	1261	3885	1274	3885	0
1257	3884	1258	3884	1262	3884	1275	3884	0
1256	3883	1258	3883	1261	3883	1275	3883	0
1255	3882	1257	3882	1261	3882	1274	3882	0
1255	3881	1256	3881	1261	3881	1273	3881	0
1255	3880	1257	3880	1260	3880	1274	3880	0
1255	3879	1257	3879	1261	3879	1274	3879	0
1256	3878	1258	3878	1261	3878	1275	3878	0
1255	3877	1256	3877	1260	3877	1273	3877	0
1256	3876	1257	3876	1261	3876	1274	3876	0
1256	3875	1258	3875	1261	3875	1274	3875	0
1255	3874	1257	3874	1261	3874	1274	3874	0
1255	3873	1256	3873	1260	3873	1274	3873	0
1256	3872	1257	3872	1260	3872	1274	3872	0
1256	3871	1257	3871	1260	3871	1273	3871	0
1255	3870	1257	3870	1260	3870	1274	3870	0
1256	3869	1257	3869	1261	3869	1274	3869	0
1255	3868	1257	3868	1261	3868	1274	3868	0
1256	3867	1257	3867	1260	3867	1274	3867	0
1256	3866	1258	3866	1261	3866	1274	3866	0
1255	3865	1257	3865	1261	3865	1274	3865	0
1255	3864	1257	3864	1261	3864	1275	3864	0
1256	3863	1257	3863	1261	3863	1275	3863	0
1255	3862	1256	3862	1260	3862	1274	3862	0
1256	3861	1258	3861	1262	3861	1274	3861	0
1255	3860	1256	3860	1260	3860	1273	3860	0
1257	3859	1258	3859	1262	3859	1276	3859	0
1255	3858	1258	3858	1261	3858	1274	3858	0
1256	3857	1257	3857	1260	3857	1274	3857	0
1256	3856	1257	3856	1261	3856	1274	3856	0
1256	3855	1258	3855	1261	3855	1274	3855	0
1255	3854	1257	3854	1260	3854	1273	3854	0
1256	3853	1257	3853	1261	3853	1274	3853	0
1255	3852	1257	3852	1261	3852	1274	3852	0
1256	3851	1258	3851	1262	3851	1275	3851	0
1257	3850	1259	3850	1262	3850	1275	3850	0
1255	3849	1257	3849	1260	3849	1273	3849	0
1256	3848	1258	3848	1261	3848	1275	3848	0
1256	3847	1257	3847	1261	3847	1275	3847	0
1256	3846	1257	3846	1261	3846	1274	3846	0
1256	3845	1257	3845	1260	3845	1274	3845	0
1256	3844	1258	3844	1262	3844	1275	3844	0
1256	4095	1257	4095	1261	4095	1275	4095	0
1255	4094	1258	4094	1261	4094	1274	4094	0
1254	4093	1256	4093	1260	4093	1273	4093	0
1256	4092	1257	4092	1261	4092	1275	4092	0
1256	4091	1258	4091	1262	4091	1275	4091	0
1256	4090	1257	4090	1261	4090	1274	4090	0
1255	4089	1257	4089	1260	4089	1273	4089	0
1255	4088	1257	4088	1261	4088	1274	4088	0
1256	4087	1258	4087	1261	4087	1275	4087	0
1254	4086	1256	4086	1260	4086	1274	4086	0
1256	4085	1257	4085	1261	4085	1274	4085	0
1255	4084	1257	4084	1261	4084	1274	4084	0
1254	4083	1256	4083	1260	4083	1273	4083	0
1256	4082	1257	4082	1260	4082	1274	4082	0
1255	4081	1258	4081	1262	4081	1275	4081	0
1256	4080	1258	4080	1262	4080	1275	4080	0
1256	4079	1258	4079	1262	4079	1275	4079	0
1256	4078	1258	4078	1262	4078	1275	4078	0
1255	4077	1257	4077	1261	4077	1274	4077	0
1255	4076	1257	4076	1261	4076	1274	4076	0
1257	4075	1258	4075	1262	4075	1275	4075	0
1256	4074	1258	4074	1262	4074	1275	4074	0
1255	4073	1257	4073	1261	4073	1274	4073	0
1254	4072	1256	4072	1260	4072	1273	4072	0
1255	4071	1256	4071	1260	4071	1274	4071	0
1256	4070	1257	4070	1261	4070	1274	4070	0
1256	4069	1258	4069	1261	4069	1274	4069	0
1256	4068	1258	4068	1262	4068	1275	4068	0
1256	4067	1258	4067	1262	4067	1276	4067	0
1255	4066	1256	4066	1261	4066	1274	4066	0
1256	4065	1258	4065	1262	4065	1275	4065	0
1256	4064	1258	4064	1262	4064	1275	4064	0
1257	4063	1259	4063	1263	4063	1276	4063	0
1255	4062	1256	4062	1260	4062	1274	4062	0
1255	4061	1256	4061	1260	4061	1273	4061	0
1256	4060	1257	4060	1261	4060	1274	4060	0
1256	4059	1258	4059	1261	4059	1275	4059	0
1256	4058	1258	4058	1261	4058	1275	4058	0
1256	4057	1257	4057	1261	4057	1274	4057	0
1257	4056	1259	4056	1262	4056	1275	4056	0
1255	4055	1257	4055	1260	4055	1273	4055	0
1256	4054	1257	4054	1260	4054	1274	4054	0
1255	4053	1256	4053	1260	4053	1273	4053	0
1257	4052	1259	4052	1263	4052	1276	4052	0
1256	4051	1258	4051	1261	4051	1275	4051	0
1256	4050	1258	4050	1262	4050	1275	4050	0
1257	4049	1258	4049	1261	4049	1274	4049	0
1256	4048	1257	4048	1262	4048	1275	4048	0
1254	4047	1256	4047	1260	4047	1273	4047	0
1255	4046	1257	4046	1261	4046	1274	4046	0
1256	4045	1257	4045	1261	4045	1274	4045	0
1257	4044	1258	4044	1262	4044	1275	4044	0
1255	4043	1258	4043	1261	4043	1275	4043	0
1255	4042	1257	4042	1261	4042	1274	4042	0
1256	4041	1258	4041	1262	4041	1275	4041	0
1256	4040	1258	4040	1261	4040	1276	4040	0
1257	4039	1258	4039	1262	4039	1275	4039	0
1255	4038	1257	4038	1260	4038	1274	4038	0
1256	4037	1258	4037	1262	4037	1275	4037	0
1256	4036	1258	4036	1261	4036	1274	4036	0
1255	4035	1257	4035	1261	4035	1274	4035	0
1256	4034	1259	4034	1262	4034	1275	4034	0
1257	4033	1258	4033	1261	4033	1275	4033	0
1256	4032	1258	4032	1262	4032	1275	4032	0
1255	4031	1256	4031	1260	4031	1274	4031	0
1256	4030	1257	4030	1261	4030	1274	4030	0
1255	4029	1257	4029	1260	4029	1274	4029	0
1257	4028	1258	4028	1262	4028	1276	4028	0
1255	4027	1256	4027	1260	4027	1274	4027	0
1256	4026	1258	4026	1262	4026	1275	4026	0
1255	4025	1257	4025	1261	4025	1275	4025	0
1256	4024	1258	4024	1261	4024	1274	4024	0
1257	4023	1259	4023	1263	4023	1276	4023	0
1256	4022	1257	4022	1261	4022	1275	4022	0
1257	4021	1259	4021	1262	4021	1275	4021	0
1256	4020	1257	4020	1260	4020	1273	4020	0
1256	4019	1258	4019	1262	4019	1275	4019	0
1256	4018	1257	4018	1262	4018	1275	4018	0
1257	4017	1258	4017	1262	4017	1275	4017	0
1256	4016	1258	4016	1261	4016	1275	4016	0
1256	4015	1257	4015	1261	4015	1274	4015	0
1256	4014	1258	4014	1261	4014	1274	4014	0
1256	4013	1258	4013	1261	4013	1275	4013	0
1256	4012	1257	4012	1261	4012	1275	4012	0
1255	4011	1257	4011	1260	4011	1274	4011	0
1256	4010	1258	4010	1262	4010	1274	4010	0
1256	4009	1258	4009	1261	4009	1274	4009	0
1255	4008	1257	4008	1261	4008	1274	4008	0
1255	4007	1257	4007	1261	4007	1274	4007	0
1256	4006	1258	4006	1262	4006	1275	4006	0
1255	4005	1257	4005	1260	4005	1274	4005	0
1255	4004	1257	4004	1261	4004	1274	4004	0
1256	4003	1257	4003	1261	4003	1274	4003	0
1257	4002	1259	4002	1263	4002	1275	4002	0
1256	4001	1258	4001	1261	4001	1274	4001	0
1256	4000	1257	4000	1260	4000	1274	4000	0
1256	3999	1258	3999	1262	3999	1274	3999	0
1257	3998	1258	3998	1262	3998	1275	3998	0
1256	3997	1258	3997	1261	3997	1274	3997	0
1255	3996	1256	3996	1260	3996	1274	3996	0
1256	3995	1258	3995	1261	3995	1274	3995	0
1256	3994	1258	3994	1261	3994	1274	3994	0
1257	3993	1259	3993	1262	3993	1276	3993	0
1256	3992	1258	3992	1262	3992	1275	3992	0
1257	3991	1258	3991	1261	3991	1275	3991	0
1254	3990	1256	3990	1260	3990	1273	3990	0
1255	3989	1257	3989	1261	3989	1274	3989	0
1257	3988	1258	3988	1262	3988	1275	3988	0
1256	3987	1257	3987	1261	3987	1274	3987	0
1256	3986	1257	3986	1262	3986	1274	3986	0
1256	3985	1257	3985	1261	3985	1275	3985	0
1256	3984	1258	3984	1261	3984	1275	3984	0
1256	3983	1258	3983	1262	3983	1275	3983	0
1257	3982	1258	3982	1262	3982	1275	3982	0
1256	3981	1258	3981	1261	3981	1275	3981	0
1256	3980	1258	3980	1262	3980	1275	3980	0
1255	3979	1257	3979	1261	3979	1274	3979	0
1256	3978	1257	3978	1261	3978	1275	3978	0
1256	3977	1258	3977	1262	3977	1275	3977	0
1255	3976	1257	3976	1260	3976	1274	3976	0
1257	3975	1258	3975	1262	3975	1275	3975	0
1256	3974	1258	3974	1262	3974	1275	3974	0
1256	3973	1258	3973	1262	3973	1275	3973	0
1258	3972	1259	3972	1263	3972	1276	3972	0
1256	3971	1257	3971	1261	3971	1274	3971	0
1256	3970	1257	3970	1261	3970	1275	3970	0
1256	3969	1257	3969	1261	3969	1275	3969	0
1256	3968	1257	3968	1261	3968	1274	3968	0
1257	3967	1258	3967	1262	3967	1275	3967	0
1256	3966	1258	3966	1261	3966	1275	3966	0
1258	3965	1259	3965	1262	3965	1276	3965	0
1256	3964	1258	3964	1262	3964	1275	3964	0
1257	3963	1258	3963	1262	3963	1276	3963	0
1256	3962	1257	3962	1261	3962	1274	3962	0
1256	3961	1257	3961	1261	3961	1275	3961	0
1257	3960	1259	3960	1262	3960	1276	3960	0
1256	3959	1258	3959	1262	3959	1275	3959	0
1256	3958	1257	3958	1262	3958	1275	3958	0
1256	3957	1258	3957	1261	3957	1275	3957	0
1257	3956	1259	3956	1262	3956	1275	3956	0
1256	3955	1258	3955	1261	3955	1275	3955	0
1256	3954	1258	3954	1263	3954	1275	3954	0
1257	3953	1259	3953	1262	3953	1276	3953	0
1257	3952	1259	3952	1262	3952	1275	3952	0
1257	3951	1259	3951	1262	3951	1275	3951	0
1256	3950	1257	3950	1261	3950	1274	3950	0
1257	3949	1259	3949	1262	3949	1275	3949	0
1257	3948	1259	3948	1263	3948	1276	3948	0
1257	3947	1259	3947	1262	3947	1276	3947	0
1256	3946	1258	3946	1261	3946	1274	3946	0
1256	3945	1257	3945	1261	3945	1275	3945	0
1257	3944	1258	3944	1262	3944	1275	3944	0
1256	3943	1257	3943	1261	3943	1274	3943	0
1257	3942	1258	3942	1262	3942	1275	3942	0
1255	3941	1256	3941	1259	3941	1273	3941	0
1256	3940	1258	3940	1261	3940	1274	3940	0
1256	3939	1259	3939	1262	3939	1275	3939	0
1257	3938	1258	3938	1261	3938	1275	3938	0
1257	3937	1258	3937	1262	3937	1274	3937	0
1256	3936	1257	3936	1261	3936	1274	3936	0
1256	3935	1258	3935	1262	3935	1275	3935	0
1257	3934	1259	3934	1262	3934	1275	3934	0
1256	3933	1257	3933	1261	3933	1274	3933	0
1256	3932	1257	3932	1261	3932	1274	3932	0
1256	3931	1257	3931	1262	3931	1274	3931	0
1258	3930	1260	3930	1263	3930	1276	3930	0
1256	3929	1258	3929	1261	3929	1274	3929	0
1256	3928	1258	3928	1261	3928	1275	3928	0
1257	3927	1258	3927	1261	3927	1275	3927	0
1257	3926	1259	3926	1263	3926	1275	3926	0
1256	3925	1258	3925	1261	3925	1274	3925	0
1257	3924	1258	3924	1262	3924	1275	3924	0
1256	3923	1258	3923	1262	3923	1275	3923	0
1256	3922	1258	3922	1262	3922	1275	3922	0
1257	3921	1259	3921	1263	3921	1276	3921	0
1256	3920	1259	3920	1262	3920	1275	3920	0
1257	3919	1259	3919	1262	3919	1276	3919	0
1256	3918	1258	3918	1262	3918	1275	3918	0
1257	3917	1258	3917	1262	3917	1275	3917	0
1257	3916	1258	3916	1262	3916	1275	3916	0
1257	3915	1259	3915	1262	3915	1275	3915	0
1255	3914	1256	3914	1260	3914	1273	3914	0
1256	3913	1257	3913	1260	3913	1274	3913	0
1257	3912	1258	3912	1262	3912	1274	3912	0
1257	3911	1259	3911	1262	3911	1275	3911	0
1256	3910	1258	3910	1262	3910	1275	3910	0
1255	3909	1257	3909	1260	3909	1274	3909	0
1256	3908	1258	3908	1262	3908	1275	3908	0
1257	3907	1259	3907	1262	3907	1275	3907	0
1257	3906	1259	3906	1262	3906	1275	3906	0
1257	3905	1259	3905	1262	3905	1276	3905	0
1255	3904	1257	3904	1260	3904	1273	3904	0
1258	3903	1259	3903	1262	3903	1276	3903	0
1256	3902	1258	3902	1261	3902	1274	3902	0
1256	3901	1258	3901	1261	3901	1275	3901	0
1257	3900	1258	3900	1262	3900	1275	3900	0
1255	3899	1257	3899	1261	3899	1274	3899	0
1257	3898	1259	3898	1263	3898	1276	3898	0
1256	3897	1258	3897	1261	3897	1275	3897	0
1257	3896	1259	3896	1263	3896	1276	3896	0
1256	3895	1258	3895	1262	3895	1275	3895	0
1256	3894	1257	3894	1262	3894	1274	3894	0
1258	3893	1259	3893	1262	3893	1275	3893	0
1255	3892	1256	3892	1261	3892	1274	3892	0
1256	3891	1257	3891	1260	3891	1274	3891	0
1256	3890	1257	3890	1261	3890	1274	3890	0
1256	3889	1258	3889	1261	3889	1274	3889	0
1256	3888	1257	3888	1262	3888	1275	3888	0
1258	3887	1259	3887	1263	3887	1276	3887	0
1256	3886	1256	3886	1261	3886	1274	3886	0
1256	3885	1257	3885	1261	3885	1274	3885	0
1257	3884	1258	3884	1262	3884	1275	3884	0
1257	3883	1259	3883	1262	3883	1275	3883	0
1256	3882	1256	3882	1260	3882	1273	3882	0
1257	3881	1259	3881	1262	3881	1275	3881	0
1256	3880	1257	3880	1261	3880	1274	3880	0
1256	3879	1258	3879	1261	3879	1274	3879	0
1257	3878	1258	3878	1262	3878	1274	3878	0
1256	3877	1257	3877	1261	3877	1273	3877	0
1256	3876	1257	3876	1260	3876	1273	3876	0
1256	3875	1258	3875	1262	3875	1275	3875	0
1257	3874	1259	3874	1262	3874	1275	3874	0
1258	3873	1259	3873	1263	3873	1276	3873	0
1256	3872	1258	3872	1261	3872	1274	3872	0
1256	3871	1259	3871	1262	3871	1275	3871	0
1257	3870	1258	3870	1261	3870	1274	3870	0
1257	3869	1258	3869	1261	3869	1274	3869	0
1257	3868	1259	3868	1262	3868	1275	3868	0
1255	3867	1257	3867	1260	3867	1273	3867	0
1257	3866	1258	3866	1262	3866	1275	3866	0
1256	3865	1258	3865	1262	3865	1275	3865	0
1256	3864	1258	3864	1261	3864	1274	3864	0
1256	3863	1257	3863	1261	3863	1274	3863	0
1257	3862	1258	3862	1261	3862	1274	3862	0
1256	3861	1258	3861	1261	3861	1274	3861	0
1256	3860	1258	3860	1261	3860	1274	3860	0
1256	3859	1258	3859	1262	3859	1274	3859	0
1258	3858	1258	3858	1262	3858	1276	3858	0
1257	3857	1258	3857	1263	3857	1275	3857	0
1256	3856	1258	3856	1261	3856	1274	3856	0
1255	3855	1257	3855	1260	3855	1273	3855	0
1257	3854	1258	3854	1262	3854	1275	3854	0
1258	3853	1259	3853	1263	3853	1276	3853	0
1256	3852	1257	3852	1261	3852	1274	3852	0
1257	3851	1258	3851	1262	3851	1275	3851	0
1257	3850	1259	3850	1263	3850	1276	3850	0
1256	3849	1257	3849	1261	3849	1275	3849	0
1257	3848	1259	3848	1262	3848	1276	3848	0
1258	3847	1259	3847	1263	3847	1276	3847	0
1255	3846	1256	3846	1260	3846	1274	3846	0
1255	3845	1257	3845	1260	3845	1274	3845	0
1257	3844	1259	3844	1263	3844	1275	3844	0
1257	4095	1259	4095	1262	4095	1275	4095	0
1256	4094	1259	4094	1262	4094	1276	4094	0
1257	4093	1259	4093	1262	4093	1275	4093	0
1257	4092	1259	4092	1263	4092	1276	4092	0
1257	4091	1259	4091	1262	4091	1275	4091	0
1257	4090	1259	4090	1262	4090	1276	4090	0
1257	4089	1259	4089	1263	4089	1276	4089	0
1255	4088	1257	4088	1261	4088	1274	4088	0
1256	4087	1258	4087	1262	4087	1275	4087	0
1256	4086	1258	4086	1262	4086	1275	4086	0
1255	4085	1257	4085	1261	4085	1273	4085	0
1257	4084	1258	4084	1261	4084	1275	4084	0
1256	4083	1258	4083	1262	4083	1275	4083	0
1257	4082	1259	4082	1262	4082	1275	4082	0
1256	4081	1258	4081	1262	4081	1275	4081	0
1256	4080	1258	4080	1261	4080	1275	4080	0
1256	4079	1258	4079	1261	4079	1274	4079	0
1256	4078	1258	4078	1261	4078	1275	4078	0
1257	4077	1258	4077	1262	4077	1276	4077	0
1256	4076	1258	4076	1262	4076	1275	4076	0
1256	4075	1258	4075	1262	4075	1275	4075	0
1255	4074	1258	4074	1261	4074	1274	4074	0
1257	4073	1259	4073	1262	4073	1275	4073	0
1257	4072	1260	4072	1262	4072	1276	4072	0
1256	4071	1258	4071	1261	4071	1275	4071	0
1256	4070	1258	4070	1263	4070	1276	4070	0
1257	4069	1259	4069	1263	4069	1276	4069	0
1257	4068	1259	4068	1262	4068	1275	4068	0
1258	4067	1259	4067	1263	4067	1276	4067	0
1257	4066	1259	4066	1262	4066	1276	4066	0
1257	4065	1259	4065	1264	4065	1276	4065	0
1258	4064	1259	4064	1263	4064	1276	4064	0
1257	4063	1259	4063	1263	4063	1276	4063	0
1256	4062	1258	4062	1262	4062	1275	4062	0
1256	4061	1257	4061	1261	4061	1274	4061	0
1256	4060	1258	4060	1262	4060	1275	4060	0
1256	4059	1258	4059	1261	4059	1274	4059	0
1257	4058	1260	4058	1263	4058	1276	4058	0
1256	4057	1258	4057	1261	4057	1275	4057	0
1254	4056	1256	4056	1260	4056	1274	4056	0
1257	4055	1259	4055	1263	4055	1276	4055	0
1257	4054	1258	4054	1262	4054	1275	4054	0
1257	4053	1258	4053	1262	4053	1275	4053	0
1257	4052	1258	4052	1262	4052	1275	4052	0
1257	4051	1259	4051	1262	4051	1276	4051	0
1256	4050	1258	4050	1262	4050	1274	4050	0
1256	4049	1258	4049	1262	4049	1275	4049	0
1256	4048	1258	4048	1262	4048	1275	4048	0
1257	4047	1259	4047	1263	4047	1276	4047	0
1257	4046	1258	4046	1262	4046	1275	4046	0
1256	4045	1257	4045	1261	4045	1274	4045	0
1256	4044	1258	4044	1262	4044	1275	4044	0
1257	4043	1259	4043	1262	4043	1275	4043	0
1256	4042	1257	4042	1261	4042	1275	4042	0
1257	4041	1260	4041	1262	4041	1276	4041	0
1258	4040	1259	4040	1263	4040	1276	4040	0
1257	4039	1258	4039	1261	4039	1275	4039	0
1257	4038	1258	4038	1262	4038	1275	4038	0
1256	4037	1258	4037	1262	4037	1275	4037	0
1257	4036	1258	4036	1262	4036	1275	4036	0
1257	4035	1259	4035	1263	4035	1276	4035	0
1256	4034	1259	4034	1262	4034	1276	4034	0
1257	4033	1258	4033	1263	4033	1276	4033	0
1256	4032	1258	4032	1262	4032	1275	4032	0
1255	4031	1256	4031	1260	4031	1273	4031	0
1256	4030	1259	4030	1262	4030	1276	4030	0
1257	4029	1258	4029	1261	4029	1275	4029	0
1257	4028	1258	4028	1262	4028	1275	4028	0
1256	4027	1258	4027	1261	4027	1274	4027	0
1256	4026	1258	4026	1262	4026	1275	4026	0
1257	4025	1259	4025	1262	4025	1276	4025	0
1257	4024	1259	4024	1263	4024	1276	4024	0
1256	4023	1258	4023	1261	4023	1276	4023	0
1256	4022	1258	4022	1262	4022	1275	4022	0
1256	4021	1257	4021	1261	4021	1274	4021	0
1259	4020	1260	4020	1264	4020	1277	4020	0
1258	4019	1259	4019	1263	4019	1276	4019	0
1256	4018	1258	4018	1262	4018	1275	4018	0
1256	4017	1258	4017	1262	4017	1274	4017	0
1256	4016	1257	4016	1260	4016	1274	4016	0
1258	4015	1260	4015	1263	4015	1276	4015	0
1258	4014	1259	4014	1263	4014	1276	4014	0
1257	4013	1259	4013	1263	4013	1276	4013	0
1257	4012	1259	4012	1263	4012	1276	4012	0
1257	4011	1259	4011	1262	4011	1276	4011	0
1258	4010	1260	4010	1263	4010	1276	4010	0
1256	4009	1257	4009	1261	4009	1275	4009	0
1257	4008	1259	4008	1262	4008	1276	4008	0
1258	4007	1260	4007	1263	4007	1276	4007	0
1256	4006	1259	4006	1262	4006	1275	4006	0
1257	4005	1259	4005	1262	4005	1275	4005	0
1257	4004	1259	4004	1262	4004	1275	4004	0
1257	4003	1259	4003	1262	4003	1276	4003	0
1257	4002	1259	4002	1263	4002	1276	4002	0
1257	4001	1258	4001	1262	4001	1276	4001	0
1256	4000	1258	4000	1262	4000	1275	4000	0
1257	3999	1259	3999	1262	3999	1275	3999	0
1256	3998	1257	3998	1261	3998	1275	3998	0
1256	3997	1258	3997	1262	3997	1275	3997	0
1256	3996	1257	3996	1261	3996	1275	3996	0
1256	3995	1258	3995	1262	3995	1276	3995	0
1257	3994	1258	3994	1262	3994	1275	3994	0
1258	3993	1259	3993	1263	3993	1276	3993	0
1257	3992	1258	3992	1263	3992	1276	3992	0
1256	3991	1257	3991	1261	3991	1274	3991	0
1258	3990	1260	3990	1263	3990	1277	3990	0
1256	3989	1258	3989	1262	3989	1275	3989	0
1257	3988	1259	3988	1263	3988	1276	3988	0
1255	3987	1257	3987	1261	3987	1274	3987	0
1257	3986	1259	3986	1262	3986	1276	3986	0
1257	3985	1258	3985	1262	3985	1275	3985	0
1256	3984	1258	3984	1261	3984	1274	3984	0
1257	3983	1258	3983	1262	3983	1276	3983	0
1257	3982	1259	3982	1263	3982	1276	3982	0
1257	3981	1259	3981	1262	3981	1275	3981	0
1257	3980	1259	3980	1262	3980	1276	3980	0
1257	3979	1259	3979	1262	3979	1275	3979	0
1256	3978	1258	3978	1261	3978	1274	3978	0
1258	3977	1261	3977	1264	3977	1276	3977	0
1258	3976	1259	3976	1263	3976	1276	3976	0
1257	3975	1258	3975	1261	3975	1275	3975	0
1258	3974	1260	3974	1263	3974	1276	3974	0
1256	3973	1258	3973	1262	3973	1276	3973	0
1257	3972	1259	3972	1263	3972	1276	3972	0
1257	3971	1259	3971	1262	3971	1275	3971	0
1257	3970	1259	3970	1263	3970	1276	3970	0
1257	3969	1259	3969	1262	3969	1275	3969	0
1257	3968	1259	3968	1263	3968	1276	3968	0
1258	3967	1259	3967	1262	3967	1276	3967	0
1257	3966	1258	3966	1263	3966	1276	3966	0
1258	3965	1259	3965	1263	3965	1277	3965	0
1257	3964	1259	3964	1262	3964	1275	3964	0
1259	3963	1260	3963	1264	3963	1277	3963	0
1256	3962	1257	3962	1261	3962	1274	3962	0
1257	3961	1259	3961	1262	3961	1275	3961	0
1257	3960	1258	3960	1262	3960	1275	3960	0
1258	3959	1259	3959	1262	3959	1276	3959	0
1257	3958	1259	3958	1262	3958	1276	3958	0
1257	3957	1258	3957	1263	3957	1276	3957	0
1258	3956	1259	3956	1263	3956	1277	3956	0
1258	3955	1259	3955	1263	3955	1276	3955	0
1257	3954	1259	3954	1262	3954	1276	3954	0
1257	3953	1259	3953	1263	3953	1276	3953	0
1257	3952	1259	3952	1263	3952	1276	3952	0
1258	3951	1259	3951	1263	3951	1277	3951	0
1257	3950	1259	3950	1263	3950	1276	3950	0
1257	3949	1258	3949	1262	3949	1275	3949	0
1258	3948	1259	3948	1263	3948	1276	3948	0
1258	3947	1259	3947	1263	3947	1276	3947	0
1257	3946	1259	3946	1263	3946	1276	3946	0
1257	3945	1259	3945	1263	3945	1276	3945	0
1258	3944	1260	3944	1262	3944	1276	3944	0
1258	3943	1260	3943	1264	3943	1277	3943	0
1257	3942	1259	3942	1263	3942	1276	3942	0
1258	3941	1260	3941	1264	3941	1277	3941	0
1258	3940	1260	3940	1263	3940	1277	3940	0
1258	3939	1259	3939	1263	3939	1276	3939	0
1258	3938	1260	3938	1263	3938	1276	3938	0
1257	3937	1259	3937	1263	3937	1276	3937	0
1259	3936	1260	3936	1264	3936	1277	3936	0
1257	3935	1258	3935	1262	3935	1275	3935	0
1257	3934	1258	3934	1262	3934	1275	3934	0
1259	3933	1260	3933	1264	3933	1277	3933	0
1256	3932	1258	3932	1262	3932	1275	3932	0
1257	3931	1259	3931	1263	3931	1276	3931	0
1257	3930	1259	3930	1262	3930	1276	3930	0
1259	3929	1260	3929	1264	3929	1277	3929	0
1257	3928	1259	3928	1263	3928	1276	3928	0
1257	3927	1258	3927	1262	3927	1275	3927	0
1258	3926	1259	3926	1263	3926	1276	3926	0
1258	3925	1260	3925	1263	3925	1277	3925	0
1258	3924	1259	3924	1263	3924	1276	3924	0
1258	3923	1259	3923	1263	3923	1276	3923	0
1258	3922	1259	3922	1263	3922	1276	3922	0
1258	3921	1259	3921	1263	3921	1276	3921	0
1259	3920	1260	3920	1264	3920	1278	3920	0
1259	3919	1261	3919	1264	3919	1278	3919	0
1257	3918	1258	3918	1263	3918	1275	3918	0
1258	3917	1260	3917	1263	3917	1277	3917	0
1257	3916	1259	3916	1263	3916	1276	3916	0
1258	3915	1260	3915	1264	3915	1277	3915	0
1258	3914	1259	3914	1263	3914	1276	3914	0
1258	3913	1260	3913	1264	3913	1277	3913	0
1258	3912	1259	3912	1264	3912	1277	3912	0
1258	3911	1259	3911	1264	3911	1276	3911	0
1257	3910	1258	3910	1262	3910	1275	3910	0
1257	3909	1258	3909	1262	3909	1275	3909	0
1256	3908	1258	3908	1262	3908	1275	3908	0
1259	3907	1261	3907	1265	3907	1278	3907	0
1258	3906	1259	3906	1263	3906	1277	3906	0
1258	3905	1260	3905	1263	3905	1277	3905	0
1258	3904	1260	3904	1264	3904	1277	3904	0
1258	3903	1259	3903	1263	3903	1276	3903	0
1258	3902	1259	3902	1263	3902	1276	3902	0
1258	3901	1260	3901	1263	3901	1277	3901	0
1257	3900	1258	3900	1262	3900	1275	3900	0
1258	3899	1259	3899	1263	3899	1276	3899	0
1258	3898	1260	3898	1264	3898	1277	3898	0
1258	3897	1259	3897	1263	3897	1276	3897	0
1258	3896	1260	3896	1263	3896	1276	3896	0
1258	3895	1260	3895	1263	3895	1277	3895	0
1257	3894	1259	3894	1262	3894	1276	3894	0
1257	3893	1259	3893	1263	3893	1276	3893	0
1258	3892	1259	3892	1264	3892	1276	3892	0
1259	3891	1260	3891	1263	3891	1277	3891	0
1258	3890	1260	3890	1263	3890	1276	3890	0
1258	3889	1260	3889	1263	3889	1276	3889	0
1257	3888	1259	3888	1263	3888	1275	3888	0
1258	3887	1260	3887	1264	3887	1277	3887	0
1258	3886	1260	3886	1263	3886	1276	3886	0
1259	3885	1260	3885	1264	3885	1277	3885	0
1258	3884	1259	3884	1263	3884	1277	3884	0
1259	3883	1260	3883	1264	3883	1278	3883	0
1257	3882	1259	3882	1262	3882	1276	3882	0
1258	3881	1260	3881	1264	3881	1277	3881	0
1256	3880	1258	3880	1262	3880	1275	3880	0
1257	3879	1260	3879	1263	3879	1276	3879	0
1259	3878	1260	3878	1264	3878	1277	3878	0
1258	3877	1259	3877	1263	3877	1276	3877	0
1258	3876	1260	3876	1263	3876	1277	3876	0
1257	3875	1259	3875	1262	3875	1275	3875	0
1258	3874	1258	3874	1263	3874	1276	3874	0
1258	3873	1260	3873	1263	3873	1276	3873	0
1259	3872	1260	3872	1264	3872	1277	3872	0
1259	3871	1260	3871	1264	3871	1277	3871	0
1258	3870	1260	3870	1264	3870	1277	3870	0
1256	3869	1258	3869	1262	3869	1275	3869	0
1258	3868	1260	3868	1263	3868	1276	3868	0
1258	3867	1260	3867	1263	3867	1277	3867	0
1259	3866	1260	3866	1264	3866	1277	3866	0
1257	3865	1259	3865	1262	3865	1275	3865	0
1258	3864	1259	3864	1263	3864	1277	3864	0
1258	3863	1260	3863	1263	3863	1277	3863	0
1256	3862	1258	3862	1262	3862	1275	3862	0
1259	3861	1260	3861	1264	3861	1277	3861	0
1258	3860	1259	3860	1262	3860	1276	3860	0
1257	3859	1258	3859	1262	3859	1275	3859	0
1258	3858	1260	3858	1264	3858	1277	3858	0
1256	3857	1258	3857	1262	3857	1275	3857	0
1257	3856	1259	3856	1262	3856	1276	3856	0
1257	3855	1259	3855	1263	3855	1276	3855	0
1258	3854	1260	3854	1263	3854	1276	3854	0
1257	3853	1259	3853	1263	3853	1276	3853	0
1258	3852	1260	3852	1263	3852	1276	3852	0
