A	att05(err0.005)	att1(err0.01)	att2(err0.02)	att3(err0.03)	att6(err0.06)	att12(err0.12)	att20(err0.2)  
3.0 0   0   0   0.03    0   0   0
5.0 0   0   0.02    0.03    0   0   0
7.0 0   0.01    0   0   0.06    0   0
9.0 0   0   0   0.03    0.06    0   0
11.0 0  0   0.02    0.03    0.06    0   0   
12.5 0.005  0   0   0   0   0.12    0
14.0 0  0   0.02    0   0   0.12    0
15.5 0.005  0   0   0.03    0   0.12    0
17.0 0  0   0.02   0.03    0   0.12    0
20.0 0  0   0   0   0   0   0.2
23.0 0  0   0   0.03    0   0   0.2
26.0 0  0   0   0   0.06    0   0.2
