549	4095	545	4095	556	4095	558	4095	0
547	4094	544	4094	555	4094	557	4094	0
550	4093	547	4093	557	4093	560	4093	0
548	4092	545	4092	556	4092	559	4092	0
549	4091	546	4091	557	4091	559	4091	0
550	4090	546	4090	558	4090	560	4090	0
550	4089	547	4089	558	4089	561	4089	0
548	4088	545	4088	556	4088	559	4088	0
549	4087	546	4087	557	4087	559	4087	0
548	4086	545	4086	556	4086	559	4086	0
551	4085	547	4085	559	4085	561	4085	0
551	4084	548	4084	559	4084	561	4084	0
549	4083	546	4083	556	4083	559	4083	0
548	4082	545	4082	556	4082	559	4082	0
550	4081	547	4081	558	4081	560	4081	0
547	4080	544	4080	556	4080	558	4080	0
548	4079	545	4079	557	4079	559	4079	0
548	4078	545	4078	556	4078	558	4078	0
548	4077	546	4077	557	4077	559	4077	0
549	4076	546	4076	556	4076	559	4076	0
550	4075	547	4075	558	4075	560	4075	0
549	4074	545	4074	557	4074	559	4074	0
550	4073	546	4073	558	4073	560	4073	0
550	4072	547	4072	558	4072	560	4072	0
549	4071	546	4071	556	4071	559	4071	0
550	4070	547	4070	558	4070	560	4070	0
549	4069	546	4069	557	4069	560	4069	0
548	4068	546	4068	557	4068	559	4068	0
549	4067	546	4067	557	4067	560	4067	0
550	4066	547	4066	557	4066	560	4066	0
549	4065	545	4065	557	4065	559	4065	0
550	4064	546	4064	557	4064	559	4064	0
548	4063	545	4063	556	4063	559	4063	0
549	4062	546	4062	557	4062	559	4062	0
550	4061	547	4061	558	4061	560	4061	0
550	4060	547	4060	558	4060	560	4060	0
547	4059	544	4059	556	4059	558	4059	0
549	4058	546	4058	557	4058	559	4058	0
549	4057	545	4057	556	4057	559	4057	0
548	4056	545	4056	556	4056	559	4056	0
548	4055	545	4055	556	4055	558	4055	0
550	4054	547	4054	558	4054	561	4054	0
550	4053	547	4053	558	4053	560	4053	0
548	4052	545	4052	556	4052	559	4052	0
549	4051	545	4051	557	4051	559	4051	0
549	4050	547	4050	558	4050	560	4050	0
550	4049	547	4049	558	4049	561	4049	0
549	4048	546	4048	557	4048	560	4048	0
548	4047	546	4047	557	4047	559	4047	0
549	4046	546	4046	557	4046	560	4046	0
549	4045	545	4045	557	4045	559	4045	0
551	4044	547	4044	558	4044	561	4044	0
549	4043	546	4043	556	4043	559	4043	0
549	4042	545	4042	557	4042	559	4042	0
549	4041	546	4041	558	4041	560	4041	0
550	4040	547	4040	558	4040	560	4040	0
550	4039	547	4039	558	4039	561	4039	0
549	4038	547	4038	558	4038	560	4038	0
548	4037	545	4037	556	4037	558	4037	0
548	4036	544	4036	555	4036	558	4036	0
548	4035	546	4035	557	4035	560	4035	0
550	4034	547	4034	559	4034	562	4034	0
550	4033	547	4033	558	4033	561	4033	0
549	4032	546	4032	557	4032	559	4032	0
548	4031	544	4031	556	4031	558	4031	0
550	4030	546	4030	558	4030	560	4030	0
548	4029	545	4029	556	4029	558	4029	0
550	4028	547	4028	558	4028	560	4028	0
549	4027	546	4027	556	4027	559	4027	0
548	4026	546	4026	557	4026	559	4026	0
549	4025	546	4025	557	4025	560	4025	0
548	4024	545	4024	556	4024	558	4024	0
550	4023	547	4023	557	4023	560	4023	0
548	4022	544	4022	556	4022	558	4022	0
550	4021	547	4021	558	4021	560	4021	0
550	4020	546	4020	558	4020	560	4020	0
550	4019	547	4019	558	4019	560	4019	0
548	4018	545	4018	557	4018	559	4018	0
549	4017	546	4017	557	4017	560	4017	0
548	4016	545	4016	556	4016	559	4016	0
547	4015	544	4015	556	4015	558	4015	0
548	4014	546	4014	557	4014	559	4014	0
549	4013	546	4013	557	4013	560	4013	0
550	4012	547	4012	558	4012	560	4012	0
549	4011	545	4011	557	4011	559	4011	0
548	4010	545	4010	556	4010	558	4010	0
549	4009	546	4009	557	4009	559	4009	0
550	4008	547	4008	558	4008	561	4008	0
551	4007	547	4007	558	4007	561	4007	0
548	4006	545	4006	556	4006	558	4006	0
550	4005	547	4005	558	4005	561	4005	0
548	4004	545	4004	557	4004	559	4004	0
550	4003	546	4003	558	4003	560	4003	0
549	4002	545	4002	557	4002	559	4002	0
549	4001	545	4001	557	4001	559	4001	0
549	4000	545	4000	556	4000	558	4000	0
549	3999	545	3999	557	3999	559	3999	0
551	3998	548	3998	559	3998	561	3998	0
551	3997	547	3997	558	3997	561	3997	0
548	3996	545	3996	556	3996	559	3996	0
549	3995	545	3995	557	3995	559	3995	0
548	3994	544	3994	555	3994	558	3994	0
549	3993	544	3993	556	3993	559	3993	0
549	3992	546	3992	557	3992	559	3992	0
549	3991	546	3991	557	3991	560	3991	0
548	3990	544	3990	556	3990	558	3990	0
550	3989	547	3989	558	3989	561	3989	0
550	3988	547	3988	558	3988	561	3988	0
550	3987	546	3987	558	3987	560	3987	0
547	3986	544	3986	555	3986	558	3986	0
550	3985	546	3985	558	3985	560	3985	0
547	3984	544	3984	556	3984	558	3984	0
551	3983	548	3983	558	3983	561	3983	0
550	3982	547	3982	558	3982	561	3982	0
549	3981	546	3981	557	3981	559	3981	0
548	3980	545	3980	556	3980	558	3980	0
548	3979	545	3979	556	3979	558	3979	0
550	3978	548	3978	558	3978	561	3978	0
549	3977	546	3977	558	3977	560	3977	0
550	3976	547	3976	557	3976	560	3976	0
549	3975	546	3975	557	3975	559	3975	0
550	3974	547	3974	558	3974	561	3974	0
550	3973	547	3973	557	3973	560	3973	0
549	3972	546	3972	557	3972	558	3972	0
550	3971	547	3971	558	3971	561	3971	0
549	3970	546	3970	556	3970	559	3970	0
549	3969	546	3969	557	3969	559	3969	0
549	3968	546	3968	557	3968	560	3968	0
550	3967	547	3967	558	3967	560	3967	0
549	3966	545	3966	556	3966	559	3966	0
549	3965	546	3965	558	3965	560	3965	0
550	3964	548	3964	558	3964	561	3964	0
549	3963	546	3963	558	3963	560	3963	0
548	3962	545	3962	556	3962	558	3962	0
549	3961	546	3961	557	3961	559	3961	0
549	3960	546	3960	558	3960	560	3960	0
551	3959	547	3959	559	3959	561	3959	0
549	3958	545	3958	557	3958	559	3958	0
550	3957	547	3957	558	3957	561	3957	0
549	3956	546	3956	558	3956	560	3956	0
549	3955	546	3955	557	3955	559	3955	0
549	3954	546	3954	558	3954	560	3954	0
549	3953	546	3953	557	3953	559	3953	0
550	3952	547	3952	558	3952	560	3952	0
549	3951	545	3951	557	3951	559	3951	0
549	3950	545	3950	557	3950	560	3950	0
550	3949	547	3949	558	3949	560	3949	0
549	3948	546	3948	557	3948	559	3948	0
549	3947	546	3947	557	3947	559	3947	0
548	3946	545	3946	556	3946	559	3946	0
548	3945	545	3945	556	3945	559	3945	0
550	3944	546	3944	557	3944	560	3944	0
548	3943	545	3943	556	3943	559	3943	0
549	3942	546	3942	557	3942	559	3942	0
550	3941	547	3941	558	3941	560	3941	0
549	3940	546	3940	557	3940	559	3940	0
548	3939	545	3939	555	3939	558	3939	0
549	3938	545	3938	556	3938	559	3938	0
550	3937	547	3937	558	3937	560	3937	0
549	3936	546	3936	558	3936	560	3936	0
550	3935	547	3935	558	3935	560	3935	0
549	3934	545	3934	557	3934	559	3934	0
549	3933	547	3933	557	3933	560	3933	0
550	3932	547	3932	558	3932	560	3932	0
549	3931	546	3931	557	3931	560	3931	0
548	3930	544	3930	556	3930	558	3930	0
548	3929	546	3929	557	3929	559	3929	0
550	3928	547	3928	558	3928	560	3928	0
548	3927	544	3927	557	3927	558	3927	0
548	3926	545	3926	557	3926	559	3926	0
550	3925	546	3925	557	3925	559	3925	0
548	3924	545	3924	556	3924	558	3924	0
549	3923	546	3923	557	3923	560	3923	0
549	3922	545	3922	557	3922	559	3922	0
549	3921	545	3921	556	3921	559	3921	0
549	3920	545	3920	557	3920	559	3920	0
548	3919	545	3919	555	3919	558	3919	0
548	3918	544	3918	556	3918	558	3918	0
550	3917	546	3917	557	3917	560	3917	0
551	3916	547	3916	559	3916	561	3916	0
550	3915	546	3915	558	3915	560	3915	0
548	3914	545	3914	557	3914	559	3914	0
548	3913	544	3913	555	3913	558	3913	0
548	3912	545	3912	556	3912	558	3912	0
547	3911	544	3911	556	3911	558	3911	0
550	3910	547	3910	558	3910	560	3910	0
549	3909	545	3909	557	3909	559	3909	0
548	3908	545	3908	556	3908	558	3908	0
548	3907	546	3907	557	3907	558	3907	0
550	3906	546	3906	558	3906	560	3906	0
549	3905	544	3905	556	3905	558	3905	0
550	3904	547	3904	558	3904	560	3904	0
549	3903	546	3903	557	3903	560	3903	0
549	3902	546	3902	557	3902	559	3902	0
550	3901	547	3901	558	3901	560	3901	0
549	3900	545	3900	557	3900	559	3900	0
548	3899	545	3899	556	3899	558	3899	0
548	3898	545	3898	556	3898	558	3898	0
549	3897	545	3897	556	3897	558	3897	0
550	3896	546	3896	558	3896	560	3896	0
549	3895	545	3895	557	3895	559	3895	0
548	3894	544	3894	556	3894	558	3894	0
549	3893	546	3893	558	3893	560	3893	0
548	3892	545	3892	556	3892	558	3892	0
550	3891	547	3891	558	3891	560	3891	0
548	3890	544	3890	556	3890	558	3890	0
549	3889	545	3889	557	3889	559	3889	0
551	3888	547	3888	558	3888	561	3888	0
549	3887	546	3887	558	3887	560	3887	0
548	3886	544	3886	556	3886	558	3886	0
550	3885	547	3885	558	3885	560	3885	0
549	3884	545	3884	557	3884	559	3884	0
548	3883	545	3883	556	3883	558	3883	0
550	3882	546	3882	558	3882	560	3882	0
550	3881	546	3881	558	3881	560	3881	0
547	3880	544	3880	556	3880	558	3880	0
549	3879	545	3879	556	3879	558	3879	0
549	3878	546	3878	557	3878	559	3878	0
548	3877	544	3877	555	3877	558	3877	0
549	3876	546	3876	557	3876	559	3876	0
549	3875	546	3875	557	3875	559	3875	0
550	3874	546	3874	557	3874	560	3874	0
548	3873	544	3873	556	3873	559	3873	0
550	3872	546	3872	557	3872	560	3872	0
550	3871	547	3871	558	3871	560	3871	0
549	3870	546	3870	557	3870	560	3870	0
549	3869	545	3869	556	3869	558	3869	0
547	3868	543	3868	555	3868	558	3868	0
549	3867	545	3867	556	3867	559	3867	0
549	3866	545	3866	556	3866	559	3866	0
548	3865	544	3865	555	3865	557	3865	0
549	3864	545	3864	556	3864	559	3864	0
550	3863	547	3863	557	3863	560	3863	0
549	3862	545	3862	556	3862	558	3862	0
549	3861	546	3861	557	3861	559	3861	0
550	3860	546	3860	557	3860	560	3860	0
550	3859	546	3859	557	3859	560	3859	0
548	3858	545	3858	556	3858	559	3858	0
549	3857	546	3857	557	3857	559	3857	0
549	3856	545	3856	556	3856	559	3856	0
549	3855	545	3855	557	3855	559	3855	0
548	3854	545	3854	556	3854	558	3854	0
548	3853	544	3853	556	3853	558	3853	0
549	3852	545	3852	557	3852	559	3852	0
548	3851	544	3851	555	3851	558	3851	0
549	3850	545	3850	557	3850	560	3850	0
550	3849	547	3849	558	3849	561	3849	0
550	3848	547	3848	558	3848	560	3848	0
548	3847	545	3847	556	3847	558	3847	0
549	3846	545	3846	556	3846	559	3846	0
550	3845	547	3845	558	3845	560	3845	0
550	3844	545	3844	557	3844	560	3844	0
549	4095	546	4095	557	4095	560	4095	0
548	4094	546	4094	557	4094	559	4094	0
548	4093	545	4093	556	4093	558	4093	0
548	4092	545	4092	556	4092	559	4092	0
549	4091	546	4091	557	4091	560	4091	0
549	4090	545	4090	557	4090	560	4090	0
550	4089	547	4089	558	4089	561	4089	0
548	4088	545	4088	557	4088	560	4088	0
550	4087	546	4087	557	4087	560	4087	0
549	4086	545	4086	557	4086	559	4086	0
550	4085	547	4085	558	4085	561	4085	0
549	4084	546	4084	558	4084	560	4084	0
548	4083	545	4083	556	4083	558	4083	0
549	4082	546	4082	557	4082	560	4082	0
549	4081	546	4081	558	4081	560	4081	0
549	4080	546	4080	557	4080	559	4080	0
549	4079	546	4079	557	4079	560	4079	0
548	4078	545	4078	556	4078	558	4078	0
550	4077	547	4077	558	4077	561	4077	0
550	4076	547	4076	558	4076	560	4076	0
550	4075	546	4075	557	4075	560	4075	0
549	4074	546	4074	558	4074	560	4074	0
549	4073	546	4073	558	4073	560	4073	0
549	4072	545	4072	557	4072	559	4072	0
550	4071	548	4071	559	4071	561	4071	0
548	4070	545	4070	556	4070	558	4070	0
551	4069	548	4069	559	4069	561	4069	0
550	4068	547	4068	557	4068	560	4068	0
547	4067	544	4067	555	4067	558	4067	0
549	4066	546	4066	557	4066	560	4066	0
550	4065	547	4065	558	4065	560	4065	0
550	4064	547	4064	558	4064	561	4064	0
549	4063	546	4063	557	4063	559	4063	0
549	4062	546	4062	557	4062	560	4062	0
549	4061	547	4061	557	4061	560	4061	0
548	4060	545	4060	556	4060	558	4060	0
549	4059	546	4059	557	4059	559	4059	0
548	4058	545	4058	556	4058	558	4058	0
550	4057	547	4057	558	4057	560	4057	0
549	4056	546	4056	557	4056	559	4056	0
549	4055	546	4055	557	4055	560	4055	0
548	4054	544	4054	556	4054	559	4054	0
549	4053	547	4053	558	4053	561	4053	0
550	4052	547	4052	558	4052	560	4052	0
550	4051	547	4051	558	4051	560	4051	0
548	4050	545	4050	557	4050	559	4050	0
549	4049	545	4049	557	4049	559	4049	0
549	4048	546	4048	557	4048	559	4048	0
548	4047	545	4047	557	4047	559	4047	0
548	4046	545	4046	557	4046	559	4046	0
547	4045	545	4045	555	4045	558	4045	0
548	4044	544	4044	555	4044	558	4044	0
550	4043	547	4043	558	4043	560	4043	0
548	4042	544	4042	556	4042	558	4042	0
549	4041	545	4041	556	4041	559	4041	0
551	4040	547	4040	559	4040	561	4040	0
550	4039	547	4039	558	4039	560	4039	0
549	4038	545	4038	557	4038	559	4038	0
548	4037	545	4037	556	4037	558	4037	0
549	4036	546	4036	557	4036	559	4036	0
549	4035	546	4035	557	4035	560	4035	0
550	4034	547	4034	558	4034	560	4034	0
550	4033	546	4033	558	4033	560	4033	0
550	4032	546	4032	557	4032	560	4032	0
548	4031	545	4031	556	4031	559	4031	0
550	4030	547	4030	557	4030	560	4030	0
550	4029	547	4029	558	4029	560	4029	0
549	4028	546	4028	557	4028	559	4028	0
549	4027	546	4027	557	4027	560	4027	0
549	4026	546	4026	557	4026	559	4026	0
550	4025	546	4025	557	4025	560	4025	0
550	4024	547	4024	558	4024	560	4024	0
549	4023	545	4023	557	4023	559	4023	0
550	4022	547	4022	558	4022	560	4022	0
550	4021	547	4021	558	4021	561	4021	0
549	4020	546	4020	557	4020	559	4020	0
548	4019	545	4019	556	4019	559	4019	0
549	4018	545	4018	557	4018	559	4018	0
550	4017	548	4017	559	4017	561	4017	0
550	4016	547	4016	559	4016	561	4016	0
548	4015	545	4015	556	4015	559	4015	0
549	4014	546	4014	558	4014	560	4014	0
549	4013	545	4013	557	4013	559	4013	0
549	4012	545	4012	556	4012	559	4012	0
550	4011	547	4011	558	4011	560	4011	0
549	4010	546	4010	557	4010	560	4010	0
549	4009	545	4009	557	4009	559	4009	0
548	4008	544	4008	556	4008	558	4008	0
550	4007	546	4007	557	4007	560	4007	0
548	4006	545	4006	556	4006	559	4006	0
550	4005	547	4005	558	4005	560	4005	0
550	4004	546	4004	558	4004	560	4004	0
549	4003	546	4003	557	4003	560	4003	0
550	4002	547	4002	558	4002	560	4002	0
550	4001	546	4001	557	4001	560	4001	0
550	4000	547	4000	557	4000	561	4000	0
551	3999	548	3999	559	3999	561	3999	0
550	3998	547	3998	558	3998	560	3998	0
548	3997	545	3997	556	3997	558	3997	0
550	3996	547	3996	558	3996	560	3996	0
549	3995	545	3995	556	3995	559	3995	0
549	3994	546	3994	557	3994	560	3994	0
548	3993	545	3993	556	3993	559	3993	0
549	3992	546	3992	558	3992	560	3992	0
550	3991	548	3991	558	3991	561	3991	0
549	3990	545	3990	556	3990	559	3990	0
548	3989	545	3989	556	3989	559	3989	0
548	3988	544	3988	556	3988	559	3988	0
550	3987	547	3987	558	3987	561	3987	0
548	3986	544	3986	555	3986	558	3986	0
549	3985	545	3985	556	3985	559	3985	0
549	3984	545	3984	557	3984	559	3984	0
548	3983	545	3983	556	3983	559	3983	0
550	3982	548	3982	558	3982	561	3982	0
550	3981	546	3981	557	3981	560	3981	0
549	3980	546	3980	557	3980	559	3980	0
549	3979	546	3979	557	3979	560	3979	0
549	3978	545	3978	556	3978	559	3978	0
550	3977	546	3977	558	3977	561	3977	0
548	3976	545	3976	556	3976	558	3976	0
549	3975	546	3975	557	3975	560	3975	0
550	3974	547	3974	558	3974	561	3974	0
549	3973	546	3973	557	3973	560	3973	0
550	3972	547	3972	558	3972	560	3972	0
549	3971	546	3971	557	3971	560	3971	0
549	3970	546	3970	557	3970	559	3970	0
550	3969	546	3969	558	3969	560	3969	0
549	3968	545	3968	557	3968	559	3968	0
550	3967	547	3967	558	3967	561	3967	0
550	3966	547	3966	559	3966	561	3966	0
550	3965	547	3965	558	3965	561	3965	0
550	3964	546	3964	558	3964	560	3964	0
550	3963	547	3963	558	3963	560	3963	0
551	3962	548	3962	559	3962	561	3962	0
550	3961	547	3961	558	3961	560	3961	0
549	3960	546	3960	557	3960	559	3960	0
550	3959	547	3959	558	3959	560	3959	0
548	3958	544	3958	556	3958	559	3958	0
548	3957	545	3957	556	3957	558	3957	0
548	3956	544	3956	556	3956	558	3956	0
550	3955	547	3955	558	3955	561	3955	0
548	3954	545	3954	557	3954	559	3954	0
550	3953	546	3953	558	3953	560	3953	0
548	3952	545	3952	556	3952	559	3952	0
548	3951	544	3951	555	3951	558	3951	0
550	3950	546	3950	558	3950	560	3950	0
549	3949	546	3949	558	3949	560	3949	0
549	3948	545	3948	556	3948	558	3948	0
550	3947	547	3947	558	3947	560	3947	0
549	3946	546	3946	557	3946	560	3946	0
548	3945	544	3945	556	3945	557	3945	0
550	3944	547	3944	558	3944	560	3944	0
549	3943	545	3943	556	3943	559	3943	0
551	3942	548	3942	559	3942	561	3942	0
549	3941	546	3941	557	3941	559	3941	0
550	3940	546	3940	557	3940	560	3940	0
548	3939	545	3939	556	3939	558	3939	0
549	3938	545	3938	557	3938	559	3938	0
549	3937	546	3937	557	3937	559	3937	0
548	3936	544	3936	555	3936	557	3936	0
548	3935	544	3935	556	3935	558	3935	0
548	3934	544	3934	555	3934	558	3934	0
548	3933	545	3933	556	3933	558	3933	0
548	3932	544	3932	555	3932	558	3932	0
550	3931	547	3931	558	3931	560	3931	0
549	3930	545	3930	556	3930	559	3930	0
549	3929	545	3929	556	3929	558	3929	0
548	3928	545	3928	557	3928	559	3928	0
549	3927	546	3927	557	3927	559	3927	0
548	3926	545	3926	556	3926	558	3926	0
549	3925	545	3925	557	3925	559	3925	0
549	3924	546	3924	558	3924	560	3924	0
549	3923	545	3923	557	3923	559	3923	0
550	3922	547	3922	558	3922	560	3922	0
548	3921	544	3921	556	3921	558	3921	0
550	3920	546	3920	558	3920	560	3920	0
549	3919	547	3919	557	3919	560	3919	0
548	3918	544	3918	556	3918	559	3918	0
549	3917	546	3917	557	3917	559	3917	0
551	3916	547	3916	558	3916	561	3916	0
550	3915	547	3915	557	3915	560	3915	0
550	3914	547	3914	559	3914	561	3914	0
548	3913	545	3913	556	3913	559	3913	0
549	3912	545	3912	557	3912	559	3912	0
550	3911	547	3911	557	3911	560	3911	0
550	3910	547	3910	558	3910	560	3910	0
551	3909	547	3909	558	3909	560	3909	0
550	3908	546	3908	558	3908	560	3908	0
550	3907	547	3907	557	3907	560	3907	0
549	3906	546	3906	558	3906	560	3906	0
549	3905	547	3905	558	3905	560	3905	0
550	3904	546	3904	557	3904	560	3904	0
549	3903	546	3903	558	3903	560	3903	0
549	3902	546	3902	556	3902	559	3902	0
548	3901	545	3901	556	3901	559	3901	0
549	3900	547	3900	557	3900	559	3900	0
548	3899	545	3899	556	3899	558	3899	0
549	3898	546	3898	557	3898	559	3898	0
549	3897	544	3897	555	3897	558	3897	0
547	3896	544	3896	555	3896	558	3896	0
550	3895	547	3895	558	3895	560	3895	0
549	3894	546	3894	557	3894	559	3894	0
550	3893	546	3893	557	3893	560	3893	0
548	3892	545	3892	555	3892	558	3892	0
550	3891	546	3891	557	3891	560	3891	0
549	3890	546	3890	557	3890	560	3890	0
549	3889	546	3889	557	3889	559	3889	0
548	3888	545	3888	556	3888	558	3888	0
549	3887	545	3887	556	3887	559	3887	0
550	3886	547	3886	557	3886	560	3886	0
549	3885	545	3885	556	3885	559	3885	0
550	3884	546	3884	558	3884	559	3884	0
548	3883	544	3883	555	3883	557	3883	0
550	3882	547	3882	558	3882	559	3882	0
550	3881	547	3881	558	3881	560	3881	0
549	3880	545	3880	556	3880	559	3880	0
549	3879	546	3879	557	3879	560	3879	0
550	3878	546	3878	558	3878	560	3878	0
550	3877	547	3877	558	3877	560	3877	0
548	3876	545	3876	556	3876	558	3876	0
549	3875	546	3875	557	3875	559	3875	0
551	3874	547	3874	558	3874	561	3874	0
550	3873	547	3873	558	3873	560	3873	0
549	3872	546	3872	557	3872	560	3872	0
548	3871	545	3871	557	3871	559	3871	0
548	3870	545	3870	557	3870	559	3870	0
549	3869	545	3869	556	3869	559	3869	0
549	3868	544	3868	555	3868	558	3868	0
551	3867	547	3867	559	3867	561	3867	0
551	3866	547	3866	558	3866	561	3866	0
550	3865	547	3865	557	3865	560	3865	0
549	3864	545	3864	556	3864	558	3864	0
549	3863	546	3863	557	3863	559	3863	0
549	3862	544	3862	556	3862	559	3862	0
550	3861	547	3861	558	3861	561	3861	0
549	3860	544	3860	556	3860	558	3860	0
549	3859	544	3859	556	3859	558	3859	0
549	3858	546	3858	557	3858	559	3858	0
549	3857	545	3857	556	3857	558	3857	0
548	3856	545	3856	555	3856	558	3856	0
549	3855	545	3855	557	3855	560	3855	0
549	3854	545	3854	556	3854	559	3854	0
549	3853	545	3853	557	3853	559	3853	0
548	3852	544	3852	556	3852	558	3852	0
549	3851	545	3851	556	3851	559	3851	0
549	3850	545	3850	556	3850	559	3850	0
548	3849	545	3849	557	3849	559	3849	0
550	3848	547	3848	558	3848	560	3848	0
550	3847	546	3847	558	3847	560	3847	0
550	3846	546	3846	558	3846	560	3846	0
548	3845	544	3845	556	3845	558	3845	0
550	3844	546	3844	557	3844	560	3844	0
549	4095	545	4095	557	4095	560	4095	0
550	4094	547	4094	559	4094	562	4094	0
550	4093	547	4093	558	4093	560	4093	0
549	4092	546	4092	557	4092	560	4092	0
551	4091	547	4091	559	4091	561	4091	0
548	4090	545	4090	556	4090	559	4090	0
549	4089	545	4089	557	4089	559	4089	0
550	4088	547	4088	558	4088	561	4088	0
549	4087	545	4087	557	4087	559	4087	0
548	4086	546	4086	557	4086	559	4086	0
550	4085	547	4085	558	4085	560	4085	0
547	4084	544	4084	556	4084	558	4084	0
550	4083	547	4083	558	4083	560	4083	0
550	4082	547	4082	559	4082	561	4082	0
549	4081	546	4081	557	4081	559	4081	0
549	4080	546	4080	557	4080	559	4080	0
550	4079	546	4079	558	4079	560	4079	0
549	4078	545	4078	557	4078	559	4078	0
550	4077	547	4077	558	4077	560	4077	0
549	4076	545	4076	556	4076	559	4076	0
549	4075	546	4075	557	4075	560	4075	0
550	4074	547	4074	558	4074	561	4074	0
548	4073	545	4073	556	4073	558	4073	0
551	4072	547	4072	558	4072	561	4072	0
550	4071	547	4071	558	4071	560	4071	0
550	4070	546	4070	557	4070	560	4070	0
549	4069	546	4069	557	4069	560	4069	0
550	4068	548	4068	559	4068	561	4068	0
549	4067	546	4067	558	4067	560	4067	0
549	4066	546	4066	557	4066	559	4066	0
548	4065	545	4065	557	4065	559	4065	0
550	4064	546	4064	557	4064	560	4064	0
550	4063	547	4063	559	4063	561	4063	0
550	4062	547	4062	558	4062	560	4062	0
550	4061	547	4061	558	4061	560	4061	0
550	4060	547	4060	559	4060	561	4060	0
549	4059	546	4059	558	4059	560	4059	0
548	4058	544	4058	555	4058	558	4058	0
549	4057	546	4057	557	4057	559	4057	0
550	4056	546	4056	557	4056	560	4056	0
549	4055	546	4055	557	4055	560	4055	0
548	4054	544	4054	556	4054	558	4054	0
548	4053	545	4053	557	4053	559	4053	0
550	4052	547	4052	559	4052	561	4052	0
550	4051	547	4051	558	4051	561	4051	0
548	4050	544	4050	556	4050	559	4050	0
551	4049	548	4049	559	4049	561	4049	0
550	4048	546	4048	558	4048	560	4048	0
551	4047	547	4047	558	4047	561	4047	0
550	4046	547	4046	558	4046	561	4046	0
549	4045	545	4045	556	4045	559	4045	0
549	4044	545	4044	557	4044	559	4044	0
549	4043	545	4043	557	4043	559	4043	0
550	4042	547	4042	558	4042	561	4042	0
550	4041	546	4041	557	4041	560	4041	0
549	4040	546	4040	557	4040	559	4040	0
550	4039	547	4039	558	4039	561	4039	0
548	4038	545	4038	556	4038	559	4038	0
550	4037	546	4037	558	4037	560	4037	0
550	4036	546	4036	558	4036	560	4036	0
549	4035	546	4035	558	4035	560	4035	0
550	4034	547	4034	558	4034	560	4034	0
548	4033	545	4033	556	4033	559	4033	0
549	4032	546	4032	558	4032	559	4032	0
550	4031	547	4031	558	4031	560	4031	0
548	4030	544	4030	555	4030	558	4030	0
548	4029	544	4029	556	4029	558	4029	0
550	4028	547	4028	558	4028	560	4028	0
550	4027	546	4027	558	4027	560	4027	0
550	4026	547	4026	558	4026	560	4026	0
549	4025	546	4025	557	4025	560	4025	0
549	4024	545	4024	557	4024	559	4024	0
550	4023	547	4023	558	4023	561	4023	0
548	4022	544	4022	557	4022	559	4022	0
551	4021	547	4021	558	4021	561	4021	0
550	4020	547	4020	558	4020	560	4020	0
550	4019	547	4019	558	4019	561	4019	0
550	4018	547	4018	558	4018	561	4018	0
549	4017	546	4017	557	4017	560	4017	0
549	4016	545	4016	556	4016	558	4016	0
550	4015	547	4015	557	4015	559	4015	0
550	4014	547	4014	557	4014	560	4014	0
548	4013	544	4013	556	4013	558	4013	0
549	4012	546	4012	557	4012	559	4012	0
551	4011	547	4011	559	4011	561	4011	0
549	4010	545	4010	556	4010	559	4010	0
551	4009	547	4009	559	4009	561	4009	0
550	4008	547	4008	558	4008	560	4008	0
549	4007	546	4007	557	4007	560	4007	0
550	4006	547	4006	558	4006	561	4006	0
549	4005	545	4005	557	4005	559	4005	0
549	4004	546	4004	558	4004	560	4004	0
548	4003	544	4003	556	4003	558	4003	0
549	4002	546	4002	557	4002	560	4002	0
548	4001	545	4001	556	4001	559	4001	0
548	4000	546	4000	557	4000	559	4000	0
549	3999	546	3999	557	3999	560	3999	0
550	3998	547	3998	558	3998	560	3998	0
549	3997	545	3997	557	3997	559	3997	0
548	3996	545	3996	557	3996	559	3996	0
551	3995	547	3995	559	3995	561	3995	0
549	3994	545	3994	557	3994	560	3994	0
549	3993	545	3993	557	3993	559	3993	0
550	3992	546	3992	557	3992	560	3992	0
550	3991	547	3991	558	3991	560	3991	0
550	3990	547	3990	558	3990	560	3990	0
549	3989	546	3989	557	3989	560	3989	0
548	3988	545	3988	556	3988	559	3988	0
550	3987	547	3987	558	3987	560	3987	0
549	3986	545	3986	557	3986	560	3986	0
550	3985	546	3985	558	3985	561	3985	0
550	3984	547	3984	558	3984	561	3984	0
549	3983	546	3983	558	3983	561	3983	0
550	3982	548	3982	558	3982	561	3982	0
549	3981	546	3981	557	3981	560	3981	0
548	3980	545	3980	556	3980	559	3980	0
550	3979	547	3979	558	3979	561	3979	0
548	3978	545	3978	556	3978	559	3978	0
549	3977	546	3977	558	3977	560	3977	0
549	3976	546	3976	557	3976	559	3976	0
550	3975	547	3975	559	3975	561	3975	0
550	3974	547	3974	558	3974	560	3974	0
548	3973	545	3973	556	3973	559	3973	0
548	3972	545	3972	557	3972	559	3972	0
550	3971	546	3971	558	3971	560	3971	0
549	3970	545	3970	557	3970	559	3970	0
547	3969	544	3969	555	3969	558	3969	0
548	3968	545	3968	556	3968	559	3968	0
549	3967	545	3967	557	3967	559	3967	0
548	3966	544	3966	556	3966	559	3966	0
551	3965	547	3965	559	3965	562	3965	0
550	3964	547	3964	558	3964	560	3964	0
550	3963	547	3963	559	3963	561	3963	0
548	3962	545	3962	556	3962	558	3962	0
549	3961	545	3961	557	3961	559	3961	0
550	3960	546	3960	558	3960	559	3960	0
551	3959	548	3959	559	3959	561	3959	0
549	3958	546	3958	557	3958	560	3958	0
549	3957	545	3957	556	3957	558	3957	0
550	3956	546	3956	557	3956	560	3956	0
549	3955	546	3955	558	3955	560	3955	0
550	3954	546	3954	557	3954	560	3954	0
550	3953	547	3953	558	3953	560	3953	0
549	3952	546	3952	557	3952	559	3952	0
551	3951	548	3951	560	3951	562	3951	0
551	3950	547	3950	559	3950	561	3950	0
549	3949	546	3949	557	3949	559	3949	0
549	3948	546	3948	557	3948	560	3948	0
550	3947	547	3947	558	3947	560	3947	0
550	3946	547	3946	558	3946	560	3946	0
549	3945	546	3945	557	3945	559	3945	0
549	3944	547	3944	558	3944	560	3944	0
549	3943	546	3943	557	3943	559	3943	0
549	3942	546	3942	557	3942	559	3942	0
550	3941	547	3941	557	3941	560	3941	0
549	3940	545	3940	556	3940	558	3940	0
549	3939	546	3939	557	3939	560	3939	0
549	3938	546	3938	557	3938	560	3938	0
549	3937	546	3937	557	3937	560	3937	0
551	3936	547	3936	559	3936	561	3936	0
549	3935	545	3935	557	3935	559	3935	0
549	3934	545	3934	557	3934	559	3934	0
550	3933	547	3933	558	3933	561	3933	0
547	3932	544	3932	555	3932	558	3932	0
550	3931	546	3931	556	3931	559	3931	0
549	3930	545	3930	556	3930	559	3930	0
547	3929	544	3929	555	3929	558	3929	0
549	3928	546	3928	557	3928	560	3928	0
551	3927	547	3927	558	3927	561	3927	0
549	3926	546	3926	557	3926	560	3926	0
549	3925	546	3925	557	3925	559	3925	0
549	3924	546	3924	557	3924	559	3924	0
549	3923	546	3923	557	3923	560	3923	0
550	3922	546	3922	558	3922	561	3922	0
548	3921	544	3921	555	3921	558	3921	0
548	3920	545	3920	556	3920	558	3920	0
549	3919	546	3919	557	3919	559	3919	0
548	3918	545	3918	556	3918	559	3918	0
549	3917	546	3917	557	3917	559	3917	0
549	3916	545	3916	557	3916	559	3916	0
549	3915	545	3915	557	3915	559	3915	0
550	3914	547	3914	558	3914	561	3914	0
549	3913	545	3913	557	3913	559	3913	0
549	3912	545	3912	556	3912	559	3912	0
549	3911	546	3911	557	3911	560	3911	0
549	3910	545	3910	557	3910	559	3910	0
550	3909	547	3909	558	3909	561	3909	0
549	3908	545	3908	556	3908	559	3908	0
548	3907	544	3907	556	3907	558	3907	0
550	3906	546	3906	557	3906	560	3906	0
550	3905	547	3905	558	3905	560	3905	0
548	3904	544	3904	556	3904	558	3904	0
550	3903	547	3903	558	3903	561	3903	0
550	3902	546	3902	557	3902	559	3902	0
550	3901	547	3901	558	3901	560	3901	0
548	3900	545	3900	556	3900	558	3900	0
550	3899	546	3899	558	3899	559	3899	0
548	3898	544	3898	555	3898	558	3898	0
548	3897	545	3897	556	3897	559	3897	0
550	3896	546	3896	557	3896	560	3896	0
550	3895	546	3895	558	3895	561	3895	0
549	3894	546	3894	557	3894	559	3894	0
548	3893	544	3893	556	3893	558	3893	0
549	3892	545	3892	557	3892	559	3892	0
550	3891	547	3891	559	3891	560	3891	0
549	3890	546	3890	557	3890	560	3890	0
548	3889	544	3889	555	3889	558	3889	0
548	3888	544	3888	556	3888	558	3888	0
549	3887	545	3887	556	3887	559	3887	0
548	3886	545	3886	556	3886	559	3886	0
550	3885	547	3885	558	3885	560	3885	0
548	3884	544	3884	555	3884	558	3884	0
550	3883	547	3883	558	3883	560	3883	0
549	3882	545	3882	556	3882	559	3882	0
549	3881	547	3881	557	3881	560	3881	0
549	3880	545	3880	557	3880	558	3880	0
550	3879	546	3879	557	3879	560	3879	0
548	3878	544	3878	556	3878	558	3878	0
548	3877	545	3877	556	3877	559	3877	0
550	3876	546	3876	558	3876	560	3876	0
548	3875	544	3875	556	3875	558	3875	0
549	3874	546	3874	556	3874	559	3874	0
550	3873	547	3873	558	3873	560	3873	0
549	3872	545	3872	557	3872	559	3872	0
550	3871	546	3871	558	3871	560	3871	0
548	3870	545	3870	556	3870	559	3870	0
549	3869	545	3869	556	3869	559	3869	0
550	3868	546	3868	557	3868	560	3868	0
549	3867	545	3867	557	3867	559	3867	0
550	3866	546	3866	558	3866	560	3866	0
551	3865	547	3865	557	3865	560	3865	0
549	3864	546	3864	557	3864	559	3864	0
549	3863	546	3863	557	3863	560	3863	0
550	3862	546	3862	557	3862	559	3862	0
549	3861	547	3861	557	3861	559	3861	0
548	3860	544	3860	556	3860	558	3860	0
550	3859	547	3859	558	3859	560	3859	0
549	3858	545	3858	556	3858	559	3858	0
551	3857	547	3857	558	3857	561	3857	0
549	3856	545	3856	557	3856	559	3856	0
550	3855	547	3855	558	3855	560	3855	0
549	3854	544	3854	556	3854	558	3854	0
550	3853	547	3853	558	3853	561	3853	0
549	3852	545	3852	556	3852	559	3852	0
550	3851	546	3851	557	3851	560	3851	0
551	3850	546	3850	558	3850	560	3850	0
549	3849	544	3849	556	3849	558	3849	0
550	3848	545	3848	557	3848	559	3848	0
549	3847	545	3847	557	3847	559	3847	0
551	3846	547	3846	559	3846	561	3846	0
548	3845	544	3845	556	3845	558	3845	0
549	3844	546	3844	557	3844	559	3844	0
551	4095	548	4095	559	4095	561	4095	0
548	4094	545	4094	556	4094	559	4094	0
548	4093	545	4093	557	4093	559	4093	0
549	4092	546	4092	558	4092	560	4092	0
549	4091	546	4091	557	4091	560	4091	0
550	4090	547	4090	558	4090	561	4090	0
551	4089	548	4089	559	4089	562	4089	0
548	4088	545	4088	557	4088	559	4088	0
549	4087	546	4087	558	4087	560	4087	0
550	4086	547	4086	558	4086	561	4086	0
549	4085	546	4085	558	4085	560	4085	0
549	4084	546	4084	557	4084	560	4084	0
548	4083	545	4083	556	4083	559	4083	0
550	4082	547	4082	558	4082	561	4082	0
548	4081	545	4081	556	4081	559	4081	0
549	4080	545	4080	557	4080	559	4080	0
549	4079	546	4079	557	4079	560	4079	0
549	4078	546	4078	558	4078	560	4078	0
548	4077	545	4077	556	4077	558	4077	0
551	4076	548	4076	559	4076	562	4076	0
549	4075	546	4075	557	4075	560	4075	0
549	4074	546	4074	558	4074	560	4074	0
549	4073	546	4073	558	4073	560	4073	0
550	4072	547	4072	558	4072	560	4072	0
549	4071	546	4071	557	4071	560	4071	0
548	4070	544	4070	556	4070	558	4070	0
549	4069	545	4069	556	4069	559	4069	0
550	4068	548	4068	558	4068	560	4068	0
548	4067	545	4067	557	4067	559	4067	0
548	4066	545	4066	557	4066	560	4066	0
550	4065	547	4065	558	4065	561	4065	0
548	4064	544	4064	556	4064	558	4064	0
548	4063	544	4063	556	4063	558	4063	0
549	4062	547	4062	558	4062	560	4062	0
549	4061	545	4061	556	4061	559	4061	0
550	4060	547	4060	558	4060	561	4060	0
550	4059	547	4059	558	4059	560	4059	0
551	4058	548	4058	559	4058	561	4058	0
550	4057	547	4057	558	4057	560	4057	0
550	4056	547	4056	559	4056	561	4056	0
550	4055	547	4055	558	4055	560	4055	0
548	4054	545	4054	556	4054	559	4054	0
549	4053	546	4053	558	4053	560	4053	0
549	4052	546	4052	558	4052	560	4052	0
550	4051	547	4051	558	4051	560	4051	0
549	4050	546	4050	557	4050	560	4050	0
548	4049	544	4049	556	4049	559	4049	0
549	4048	546	4048	557	4048	560	4048	0
550	4047	547	4047	558	4047	560	4047	0
547	4046	545	4046	557	4046	559	4046	0
548	4045	545	4045	556	4045	558	4045	0
549	4044	546	4044	558	4044	560	4044	0
550	4043	546	4043	558	4043	560	4043	0
549	4042	546	4042	557	4042	559	4042	0
550	4041	547	4041	558	4041	561	4041	0
548	4040	545	4040	556	4040	559	4040	0
548	4039	545	4039	556	4039	559	4039	0
550	4038	546	4038	557	4038	560	4038	0
549	4037	545	4037	556	4037	559	4037	0
548	4036	545	4036	557	4036	559	4036	0
549	4035	546	4035	558	4035	561	4035	0
549	4034	546	4034	557	4034	560	4034	0
549	4033	545	4033	557	4033	559	4033	0
550	4032	547	4032	558	4032	561	4032	0
548	4031	545	4031	556	4031	559	4031	0
548	4030	544	4030	556	4030	559	4030	0
549	4029	545	4029	557	4029	559	4029	0
549	4028	546	4028	557	4028	559	4028	0
549	4027	546	4027	557	4027	559	4027	0
548	4026	545	4026	556	4026	559	4026	0
548	4025	544	4025	556	4025	558	4025	0
548	4024	544	4024	556	4024	559	4024	0
550	4023	547	4023	557	4023	560	4023	0
550	4022	547	4022	558	4022	561	4022	0
550	4021	546	4021	557	4021	560	4021	0
549	4020	546	4020	557	4020	559	4020	0
548	4019	546	4019	557	4019	560	4019	0
550	4018	547	4018	558	4018	561	4018	0
550	4017	547	4017	558	4017	560	4017	0
549	4016	546	4016	558	4016	560	4016	0
549	4015	545	4015	557	4015	559	4015	0
549	4014	546	4014	557	4014	560	4014	0
549	4013	546	4013	558	4013	560	4013	0
548	4012	545	4012	557	4012	559	4012	0
548	4011	546	4011	557	4011	559	4011	0
551	4010	547	4010	559	4010	561	4010	0
548	4009	545	4009	556	4009	559	4009	0
550	4008	547	4008	559	4008	561	4008	0
550	4007	547	4007	557	4007	560	4007	0
548	4006	545	4006	556	4006	559	4006	0
549	4005	546	4005	557	4005	559	4005	0
548	4004	544	4004	555	4004	558	4004	0
549	4003	547	4003	558	4003	560	4003	0
548	4002	545	4002	556	4002	559	4002	0
551	4001	547	4001	558	4001	561	4001	0
549	4000	547	4000	558	4000	560	4000	0
549	3999	545	3999	556	3999	560	3999	0
550	3998	546	3998	558	3998	560	3998	0
549	3997	546	3997	558	3997	561	3997	0
550	3996	546	3996	558	3996	560	3996	0
549	3995	546	3995	557	3995	559	3995	0
549	3994	546	3994	557	3994	560	3994	0
549	3993	546	3993	558	3993	560	3993	0
550	3992	547	3992	558	3992	561	3992	0
549	3991	546	3991	557	3991	559	3991	0
551	3990	547	3990	558	3990	561	3990	0
548	3989	545	3989	556	3989	559	3989	0
550	3988	546	3988	558	3988	560	3988	0
549	3987	545	3987	556	3987	559	3987	0
549	3986	546	3986	557	3986	560	3986	0
550	3985	546	3985	558	3985	560	3985	0
549	3984	547	3984	558	3984	560	3984	0
549	3983	546	3983	557	3983	560	3983	0
550	3982	547	3982	558	3982	561	3982	0
549	3981	546	3981	557	3981	559	3981	0
551	3980	548	3980	559	3980	561	3980	0
550	3979	546	3979	557	3979	560	3979	0
551	3978	548	3978	559	3978	561	3978	0
548	3977	545	3977	556	3977	559	3977	0
550	3976	547	3976	558	3976	560	3976	0
549	3975	545	3975	557	3975	560	3975	0
549	3974	545	3974	556	3974	559	3974	0
550	3973	547	3973	559	3973	561	3973	0
548	3972	545	3972	556	3972	558	3972	0
548	3971	545	3971	556	3971	559	3971	0
550	3970	547	3970	559	3970	560	3970	0
549	3969	546	3969	557	3969	559	3969	0
549	3968	546	3968	558	3968	560	3968	0
549	3967	545	3967	557	3967	559	3967	0
550	3966	548	3966	558	3966	561	3966	0
549	3965	545	3965	556	3965	559	3965	0
549	3964	546	3964	557	3964	559	3964	0
549	3963	546	3963	557	3963	560	3963	0
550	3962	547	3962	558	3962	560	3962	0
551	3961	547	3961	558	3961	561	3961	0
549	3960	546	3960	556	3960	559	3960	0
550	3959	547	3959	558	3959	561	3959	0
549	3958	546	3958	557	3958	559	3958	0
549	3957	546	3957	557	3957	559	3957	0
548	3956	545	3956	556	3956	558	3956	0
548	3955	545	3955	556	3955	558	3955	0
551	3954	548	3954	559	3954	561	3954	0
549	3953	546	3953	557	3953	559	3953	0
549	3952	546	3952	558	3952	560	3952	0
550	3951	547	3951	559	3951	561	3951	0
549	3950	546	3950	557	3950	559	3950	0
548	3949	545	3949	556	3949	559	3949	0
548	3948	546	3948	557	3948	559	3948	0
550	3947	547	3947	559	3947	561	3947	0
549	3946	545	3946	556	3946	559	3946	0
549	3945	545	3945	557	3945	558	3945	0
550	3944	547	3944	557	3944	560	3944	0
549	3943	546	3943	557	3943	559	3943	0
548	3942	545	3942	556	3942	558	3942	0
550	3941	547	3941	558	3941	561	3941	0
549	3940	545	3940	556	3940	558	3940	0
549	3939	545	3939	557	3939	559	3939	0
549	3938	546	3938	557	3938	559	3938	0
548	3937	545	3937	556	3937	559	3937	0
549	3936	545	3936	557	3936	559	3936	0
550	3935	546	3935	558	3935	559	3935	0
550	3934	546	3934	558	3934	560	3934	0
550	3933	547	3933	558	3933	560	3933	0
549	3932	546	3932	557	3932	559	3932	0
549	3931	545	3931	557	3931	559	3931	0
549	3930	546	3930	557	3930	560	3930	0
549	3929	546	3929	557	3929	560	3929	0
548	3928	545	3928	556	3928	559	3928	0
549	3927	546	3927	557	3927	560	3927	0
548	3926	545	3926	556	3926	559	3926	0
549	3925	546	3925	557	3925	559	3925	0
549	3924	546	3924	558	3924	560	3924	0
548	3923	544	3923	555	3923	558	3923	0
548	3922	545	3922	556	3922	559	3922	0
548	3921	545	3921	556	3921	559	3921	0
548	3920	545	3920	556	3920	559	3920	0
549	3919	545	3919	556	3919	559	3919	0
550	3918	547	3918	558	3918	561	3918	0
550	3917	547	3917	558	3917	560	3917	0
551	3916	547	3916	559	3916	561	3916	0
548	3915	545	3915	556	3915	558	3915	0
549	3914	546	3914	557	3914	559	3914	0
549	3913	546	3913	558	3913	560	3913	0
550	3912	547	3912	558	3912	561	3912	0
550	3911	546	3911	557	3911	560	3911	0
548	3910	545	3910	556	3910	559	3910	0
549	3909	545	3909	557	3909	559	3909	0
549	3908	545	3908	557	3908	559	3908	0
549	3907	545	3907	557	3907	559	3907	0
550	3906	547	3906	558	3906	561	3906	0
550	3905	546	3905	558	3905	561	3905	0
549	3904	546	3904	556	3904	560	3904	0
548	3903	544	3903	556	3903	558	3903	0
549	3902	546	3902	557	3902	559	3902	0
550	3901	547	3901	558	3901	561	3901	0
549	3900	545	3900	558	3900	560	3900	0
550	3899	547	3899	558	3899	561	3899	0
548	3898	545	3898	556	3898	559	3898	0
549	3897	546	3897	557	3897	560	3897	0
549	3896	545	3896	557	3896	559	3896	0
549	3895	546	3895	557	3895	560	3895	0
550	3894	546	3894	557	3894	560	3894	0
548	3893	545	3893	556	3893	559	3893	0
549	3892	546	3892	557	3892	559	3892	0
549	3891	545	3891	557	3891	559	3891	0
548	3890	544	3890	556	3890	558	3890	0
549	3889	545	3889	557	3889	559	3889	0
549	3888	545	3888	557	3888	559	3888	0
550	3887	546	3887	558	3887	560	3887	0
549	3886	545	3886	557	3886	559	3886	0
550	3885	546	3885	558	3885	560	3885	0
549	3884	545	3884	557	3884	559	3884	0
550	3883	547	3883	558	3883	560	3883	0
549	3882	546	3882	557	3882	560	3882	0
549	3881	545	3881	556	3881	559	3881	0
549	3880	545	3880	556	3880	559	3880	0
551	3879	547	3879	558	3879	561	3879	0
550	3878	547	3878	557	3878	560	3878	0
549	3877	545	3877	557	3877	558	3877	0
549	3876	546	3876	557	3876	559	3876	0
547	3875	544	3875	555	3875	558	3875	0
548	3874	544	3874	556	3874	558	3874	0
550	3873	546	3873	557	3873	560	3873	0
550	3872	546	3872	557	3872	560	3872	0
548	3871	545	3871	556	3871	558	3871	0
550	3870	547	3870	559	3870	561	3870	0
549	3869	546	3869	557	3869	560	3869	0
551	3868	547	3868	559	3868	561	3868	0
548	3867	544	3867	556	3867	558	3867	0
549	3866	545	3866	556	3866	559	3866	0
550	3865	546	3865	558	3865	560	3865	0
550	3864	547	3864	558	3864	561	3864	0
550	3863	546	3863	557	3863	560	3863	0
549	3862	545	3862	556	3862	558	3862	0
549	3861	545	3861	556	3861	558	3861	0
549	3860	545	3860	557	3860	559	3860	0
549	3859	546	3859	557	3859	559	3859	0
550	3858	547	3858	558	3858	560	3858	0
548	3857	544	3857	555	3857	558	3857	0
551	3856	548	3856	559	3856	561	3856	0
549	3855	546	3855	557	3855	560	3855	0
548	3854	545	3854	556	3854	559	3854	0
550	3853	547	3853	557	3853	560	3853	0
550	3852	547	3852	558	3852	560	3852	0
