258	255	242	232	55
260	257	244	234	9183
259	256	244	233	9185
259	256	244	234	9262
260	256	244	234	9321
260	256	244	234	9374
259	255	244	234	9380
259	256	243	233	9382
260	256	244	234	9438
260	257	245	235	9443
260	256	244	233	9497
260	256	244	234	9502
259	256	244	233	9568
260	255	244	234	9575
261	257	245	234	9577
260	256	244	234	9632
260	256	244	234	9638
260	256	244	234	9693
260	256	244	234	9702
260	256	244	235	9765
259	255	243	233	9824
260	256	244	234	9827
260	257	244	235	9886
260	256	244	234	9891
259	256	244	234	9949
260	256	244	234	10054
260	256	244	234	10107
258	255	243	233	10112
260	256	244	234	10114
259	255	243	232	10170
259	255	244	233	10232
260	256	244	234	10234
261	257	245	234	10298
259	255	244	233	10362
261	257	245	234	10368
260	257	244	234	10430
260	257	245	234	10435
260	256	245	234	10492
260	256	244	234	10497
260	256	244	234	10501
260	257	245	234	10559
260	256	244	235	10618
260	256	243	234	10680
259	255	244	233	10688
259	255	243	233	10690
260	256	244	234	10754
260	257	245	234	10761
260	256	245	234	10820
260	256	244	234	10876
259	256	243	234	10882
259	256	243	234	10941
260	256	244	234	10993
259	255	243	233	11049
259	255	243	233	11052
259	255	243	233	11054
260	256	243	233	11113
261	257	245	235	11116
259	255	243	232	11123
260	255	244	233	11193
260	257	244	234	11249
260	256	244	233	11253
260	256	244	233	11314
260	256	244	234	11373
261	257	244	234	11428
260	257	244	233	11489
260	256	244	233	11496
260	256	243	233	11548
260	257	244	234	11556
261	256	244	233	11614
261	257	244	235	11678
260	255	244	233	11742
260	256	244	234	11800
261	257	245	234	11859
260	257	245	234	11915
260	256	244	233	11973
259	255	243	233	11975
260	256	244	233	11979
260	257	244	234	12038
259	255	244	233	12041
260	256	243	233	12105
261	256	244	234	12169
261	257	245	235	12229
261	256	245	234	12235
261	257	245	235	12294
261	256	245	235	12348
260	257	244	234	12408
260	256	244	235	12474
260	255	244	233	12536
260	256	244	234	12539
261	257	245	235	12600
260	256	244	234	12655
260	256	244	234	12657
259	256	244	233	12709
259	255	243	233	12763
260	256	244	234	12765
260	257	245	235	12820
261	256	245	235	12874
260	256	244	234	12940
260	257	244	234	12946
260	257	245	234	13010
260	256	245	234	13069
260	256	244	233	13134
261	257	245	235	13195
260	256	244	234	13258
260	256	244	234	13325
260	256	244	234	13332
261	257	245	234	13335
261	257	245	235	13394
260	257	244	234	13447
260	256	244	234	13508
260	256	245	235	13592
261	257	245	235	13641
260	256	244	234	13700
261	257	245	235	13706
260	257	244	234	13764
259	256	244	233	13825
261	257	245	236	13827
260	256	244	234	13891
260	257	244	235	13952
260	256	245	235	13962
260	256	245	234	14049
260	256	244	234	14098
261	257	245	235	14156
259	256	244	234	14163
260	256	245	233	14218
260	256	244	234	14227
260	257	245	234	14279
260	256	244	234	14340
260	255	244	234	14346
260	256	244	234	14404
260	256	244	234	14463
259	255	243	232	14524
260	257	245	235	14531
260	256	244	234	14587
259	256	243	233	14593
260	256	243	233	14653
260	257	244	234	14713
260	256	244	234	14775
261	258	245	235	14778
260	257	245	234	14841
260	256	244	234	14847
261	257	245	234	14905
260	256	244	234	14907
261	257	245	235	14959
260	256	244	234	15019
259	256	244	233	15083
261	256	245	234	15137
261	257	245	235	15146
261	257	245	235	15200
260	256	244	233	15205
260	257	244	234	15207
262	258	245	235	15264
261	258	245	235	15326
261	257	244	235	15384
259	256	243	233	15447
260	256	244	233	15509
260	256	244	234	15569
260	257	244	234	15630
260	256	244	234	15635
260	257	244	234	15701
260	257	245	235	15757
260	256	244	233	15822
260	256	244	233	15874
261	257	244	234	15882
260	256	244	233	15936
260	256	244	234	16010
260	256	244	233	16077
260	257	245	234	16138
260	256	245	234	16197
260	257	244	234	16204
261	257	245	235	16261
261	257	245	234	16320
260	256	244	233	16327
259	256	244	234	16384
260	256	244	233	16437
260	256	244	234	16491
260	257	244	234	16554
259	256	244	234	16617
260	256	245	234	16685
260	257	245	234	16689
261	257	245	235	16751
260	256	244	234	16811
260	257	245	234	16865
261	256	244	234	16914
261	258	246	236	16916
261	257	245	235	16980
260	257	245	234	16985
260	256	244	233	17045
261	257	244	235	17099
259	255	243	233	17103
261	257	244	234	17159
260	256	243	234	17161
261	257	245	235	17228
261	257	244	234	17294
261	257	244	234	17350
260	257	244	234	17413
260	256	243	233	17470
261	257	244	233	17475
260	256	244	233	17534
260	255	244	233	17595
260	256	244	234	17603
260	257	244	234	17665
260	257	245	235	17726
261	257	245	235	17784
260	257	245	234	17833
260	257	245	235	17893
262	258	246	235	17950
260	256	244	233	17954
261	257	246	234	18007
260	257	245	234	18016
261	257	245	235	18070
259	256	244	233	18128
261	257	245	235	18192
261	257	245	235	18198
260	255	244	233	18255
260	257	245	234	18258
261	258	245	235	18316
260	257	245	234	18319
261	257	245	234	18377
262	258	246	236	18437
261	257	246	235	18445
261	257	245	235	18499
261	256	245	234	18554
259	256	244	233	18602
261	257	245	235	18664
260	256	244	234	18713
260	257	244	234	18763
261	257	245	235	18818
260	256	244	234	18820
261	258	246	235	18825
260	257	245	234	18879
260	256	245	234	18941
260	256	245	234	19003
259	256	244	234	19063
260	257	244	234	19116
261	258	245	235	19119
260	256	244	234	19182
260	256	244	233	19245
260	257	245	235	19309
260	256	244	234	19371
260	257	245	234	19425
260	256	245	234	19474
261	257	244	235	19526
261	258	245	235	19532
261	257	244	235	19593
260	257	245	235	19644
261	257	245	234	19708
261	257	245	235	19769
261	257	244	234	19830
261	257	245	234	19891
260	257	245	234	19897
261	256	244	234	19959
259	255	243	233	19968
259	255	243	232	20023
260	256	244	234	20078
260	257	244	234	20139
260	255	243	233	20143
261	257	245	235	20259
260	256	244	234	20302
260	256	244	234	20310
261	256	245	235	20364
259	255	244	234	20414
260	256	244	234	20464
259	256	244	234	20471
259	256	243	233	20526
259	255	243	233	20529
260	256	244	234	20534
258	255	243	232	20592
259	255	243	233	20645
260	257	244	234	20707
259	256	243	233	20763
260	256	244	234	20818
259	255	243	233	20819
260	256	244	233	20880
259	255	243	233	20938
260	256	244	234	21002
261	257	245	235	21056
260	256	243	233	21065
259	256	244	234	21123
259	255	244	233	21126
260	256	244	234	21128
260	256	244	234	21185
259	256	244	233	21249
259	256	244	234	21251
258	255	242	232	21308
260	255	244	234	21373
259	255	243	233	21377
260	257	245	234	21434
260	256	244	234	21438
260	256	243	233	21498
260	256	244	234	21500
259	256	244	234	21566
260	255	244	234	21633
260	256	244	234	21685
259	255	243	233	21744
260	255	244	233	21805
260	256	244	233	21870
259	255	244	234	21929
260	256	244	234	21990
260	256	244	234	21999
259	256	243	233	22054
259	255	243	233	22109
259	255	243	233	22172
259	256	243	233	22234
260	256	244	234	22297
260	256	244	234	22359
260	255	244	232	22361
259	255	243	233	22366
260	257	244	233	22423
259	256	244	233	22479
262	258	246	236	22485
261	257	245	234	22532
260	255	243	233	22584
261	256	244	234	22637
260	256	244	234	22699
260	256	243	234	22706
260	257	244	233	22788
260	256	244	234	22841
260	256	244	234	22893
260	256	243	233	22948
260	257	244	234	22950
261	257	244	234	22955
260	257	244	234	23010
261	257	245	234	23077
261	258	246	235	23135
260	257	244	233	23180
260	256	244	233	23240
259	256	243	234	23244
260	257	244	233	23292
259	255	244	233	23354
260	256	244	234	23357
259	257	244	233	23418
260	256	244	234	23480
260	257	244	233	23537
261	257	245	234	23599
261	256	245	234	23607
261	257	245	234	23675
259	256	244	233	23679
259	256	244	233	23740
260	256	244	234	23748
260	257	244	234	23805
260	256	244	234	23870
260	255	244	233	23876
261	257	245	235	23939
260	257	245	234	23999
260	256	244	234	24053
260	256	245	234	24058
260	256	244	234	24118
260	256	244	233	24183
260	256	244	234	24241
260	257	244	234	24315
260	255	243	233	24372
260	256	245	235	24433
260	256	244	234	24495
259	256	244	233	24497
261	256	245	234	24564
259	256	244	234	24571
260	256	244	234	24625
261	257	245	235	24680
261	257	246	235	24682
259	256	243	233	24686
260	256	244	234	24747
261	257	245	235	24795
259	256	244	234	24852
261	257	245	235	24923
260	256	245	234	24984
260	256	244	234	25047
260	255	244	233	25050
261	257	245	234	25115
260	257	244	234	25123
260	256	245	234	25184
261	258	245	235	25242
260	256	244	235	25298
259	255	244	233	25359
260	255	244	234	25368
260	256	243	233	25428
260	256	244	234	25493
260	256	244	233	25556
260	256	244	233	25619
260	256	244	234	25622
260	256	244	234	25682
261	257	245	235	25734
260	256	244	234	25738
260	256	244	234	25797
260	256	244	234	25805
260	256	243	234	25866
260	257	244	234	25928
261	257	244	234	25984
259	256	243	233	25987
259	256	244	233	26048
260	256	244	234	26111
261	257	245	234	26120
261	257	244	234	26178
260	257	245	235	26240
259	256	243	233	26247
260	257	244	235	26296
261	257	245	234	26300
259	256	244	234	26356
261	258	246	235	26411
260	256	244	233	26472
260	256	244	234	26533
260	256	244	234	26590
260	256	244	234	26594
261	257	245	235	26646
260	256	244	234	26655
260	257	244	234	26708
260	256	244	234	26768
261	257	244	235	26777
260	256	244	234	26832
260	256	244	234	26899
259	256	244	233	26908
260	256	243	234	26961
261	257	245	235	26963
258	255	243	233	27014
260	256	244	234	27017
260	255	244	233	27087
261	257	246	235	27145
259	256	243	233	27225
259	256	244	234	27274
260	256	243	234	27339
259	256	243	232	27344
260	257	244	234	27400
259	256	244	234	27463
259	256	244	234	27514
260	256	244	234	27575
260	256	244	234	27636
260	255	244	233	27700
260	257	244	234	27753
260	257	244	234	27811
261	258	246	235	27814
260	257	245	235	27818
260	256	244	233	27870
259	255	243	233	27872
260	256	244	233	27923
261	257	245	235	27978
260	256	245	234	28041
261	257	245	234	28092
261	257	245	235	28097
260	256	244	234	28157
260	256	244	233	28159
260	256	243	232	28222
260	256	244	234	28280
260	256	244	234	28334
260	257	244	234	28336
262	259	246	236	28341
260	256	244	233	28397
261	257	244	234	28459
261	257	244	234	28517
261	257	245	234	28579
260	257	244	234	28583
260	257	244	234	28644
261	258	245	235	28705
260	257	244	233	28770
260	257	244	234	28780
260	256	244	234	28833
260	256	245	233	28888
260	256	243	233	28956
261	257	245	235	29014
259	256	243	232	29110
261	257	244	234	29169
260	256	244	233	29225
260	256	244	233	29228
261	256	245	234	29287
260	256	244	234	29289
260	257	244	234	29346
260	256	244	233	29408
261	257	245	234	29473
260	257	245	234	29477
260	256	244	234	29541
261	257	245	235	29594
261	258	245	235	29656
261	257	245	235	29718
260	256	244	234	29725
261	258	245	236	29811
260	257	244	234	29868
260	257	244	234	29871
260	256	244	234	29930
261	257	245	235	29939
260	256	244	234	29995
261	257	245	235	30058
260	257	244	234	30067
260	258	246	235	30120
261	257	245	235	30175
260	256	244	234	30181
260	257	245	235	30238
260	256	244	234	30301
260	256	244	233	30353
260	257	245	234	30410
260	257	244	234	30411
261	257	245	235	30465
260	256	244	234	30528
261	257	245	235	30591
260	256	244	234	30595
260	257	244	234	30644
261	257	245	234	30698
260	257	245	234	30759
260	257	244	234	30820
259	255	243	233	30875
259	255	243	233	30877
261	258	245	235	30883
260	256	244	234	30936
261	257	244	234	30999
260	255	243	233	31055
261	257	245	235	31117
259	255	243	233	31124
259	255	243	233	31186
260	257	244	234	31246
260	256	244	234	31250
260	256	244	234	31307
259	256	245	234	31367
260	256	243	234	31375
259	255	243	233	31427
261	257	245	234	31483
260	256	244	234	31538
260	255	244	233	31540
260	256	244	234	31598
260	256	245	234	31661
260	256	244	234	31714
260	256	244	234	31774
260	256	244	234	31781
258	255	243	233	31831
259	256	244	233	31892
261	257	244	235	31949
260	256	244	234	31957
260	256	244	234	32012
259	256	244	234	32021
258	255	243	233	32077
259	256	244	234	32140
259	256	244	234	32142
260	257	245	235	32146
260	256	244	234	32209
259	254	242	232	32272
258	254	243	232	32355
259	256	243	233	32409
261	257	245	235	32465
259	255	244	233	32526
260	256	244	234	32528
260	257	245	234	32591
260	256	244	234	32597
258	255	243	232	32651
259	255	243	232	32713
260	257	244	235	32774
259	255	244	234	32782
261	256	245	235	32837
260	256	244	234	32839
260	256	244	233	32897
260	255	244	233	32949
259	255	243	233	32959
260	256	244	234	33010
259	256	244	233	33063
259	255	243	233	33110
259	255	243	234	33172
260	256	244	234	33249
261	257	245	234	33294
259	255	243	233	33298
260	256	244	234	33357
259	255	243	233	33418
260	256	244	235	33479
260	255	244	233	33537
260	256	244	234	33545
260	256	243	234	33598
260	256	244	234	33661
260	256	244	234	33712
259	255	243	233	33716
259	255	243	233	33785
260	256	244	234	33791
259	255	243	232	33843
261	257	244	234	33850
260	256	244	234	33933
260	257	244	233	33984
260	256	244	233	34046
260	256	244	233	34107
261	258	245	234	34110
260	256	244	233	34168
259	255	243	233	34227
260	256	244	233	34291
260	256	244	234	34345
259	255	243	233	34352
261	257	245	235	34412
260	256	244	233	34475
260	257	244	234	34477
259	256	244	233	34483
259	256	244	234	34535
260	255	244	232	34595
261	256	244	234	34657
261	257	245	235	34661
260	257	244	234	34718
260	256	244	234	34785
261	257	245	234	34849
260	257	245	234	34910
260	256	245	235	34914
260	257	244	234	34963
261	257	245	234	34968
260	256	244	234	35023
261	257	245	235	35028
259	256	244	234	35081
261	256	245	234	35087
260	256	244	234	35142
260	256	244	234	35146
260	256	244	234	35208
260	256	245	234	35212
261	257	244	234	35271
261	257	245	235	35335
259	256	244	233	35338
261	257	245	235	35343
259	255	243	233	35406
260	256	245	234	35411
259	256	243	233	35474
261	257	245	234	35530
260	256	244	233	35588
260	257	245	234	35650
261	256	245	235	35705
260	256	244	234	35759
262	258	246	236	35810
261	257	245	235	35817
260	256	245	234	35872
259	255	244	233	35920
261	257	245	235	35974
260	257	245	234	36036
261	256	245	235	36040
260	256	244	234	36102
259	255	244	233	36164
260	256	245	234	36219
261	257	245	235	36274
260	256	245	234	36277
260	256	244	234	36337
260	256	244	234	36402
260	256	244	234	36460
260	257	244	234	36465
260	256	244	233	36517
260	256	244	234	36525
259	256	243	234	36579
260	256	244	234	36587
260	256	244	234	36638
259	256	243	233	36718
260	257	244	234	36721
260	257	245	235	36775
260	257	245	234	36779
259	255	243	233	36834
260	256	244	234	36888
260	256	244	233	36944
260	256	244	233	36947
260	257	244	234	36952
260	257	245	234	37008
261	257	245	234	37015
260	256	244	234	37072
260	256	244	234	37076
260	257	245	234	37132
260	257	245	234	37137
261	257	244	235	37227
259	256	244	234	37281
259	256	243	233	37337
261	257	244	234	37401
260	256	244	234	37454
260	256	244	234	37504
260	257	245	235	37514
260	257	245	234	37569
260	256	244	234	37623
260	256	244	235	37678
259	256	244	233	37683
261	257	245	234	37687
260	256	243	234	37745
259	256	243	233	37813
260	256	244	233	37870
260	257	244	234	37923
260	256	245	234	37975
260	256	244	234	38036
261	257	245	234	38095
260	257	244	234	38145
260	256	244	234	38150
259	256	243	234	38211
259	255	244	233	38279
260	256	244	233	38340
260	257	244	234	38347
260	256	244	234	38409
260	257	245	234	38475
260	257	244	234	38569
260	257	244	234	38577
259	256	244	233	38625
260	256	244	234	38675
260	256	244	233	38682
261	257	245	235	38736
260	256	244	234	38798
261	257	245	234	38801
259	256	244	234	38862
261	257	245	235	38926
260	257	244	234	38977
261	257	245	235	39039
259	255	244	233	39098
261	256	245	234	39148
259	255	243	233	39205
260	256	244	233	39263
261	257	245	235	39324
261	256	244	234	39333
260	256	244	234	39387
261	256	244	234	39452
261	257	245	235	39512
260	256	243	233	39559
260	256	243	234	39617
260	256	243	233	39666
260	256	243	233	39765
260	257	244	234	39817
260	256	243	233	39877
261	258	245	235	39941
260	256	244	234	39997
260	257	244	234	40002
262	259	245	235	40064
261	258	246	235	40067
261	257	246	235	40128
260	256	245	233	40190
261	257	245	234	40198
260	256	245	234	40249
260	256	244	233	40295
261	257	245	235	40365
260	256	244	234	40421
260	256	244	233	40473
260	257	245	235	40537
260	257	245	234	40545
260	256	244	234	40592
259	256	244	234	40647
259	256	244	233	40712
261	257	245	235	40764
261	258	246	235	40768
260	257	244	234	40827
261	256	245	234	40888
261	256	245	234	40897
261	257	245	234	40953
260	257	245	234	41008
261	257	245	235	41010
261	257	245	235	41013
260	256	245	234	41018
261	257	244	234	41072
260	256	245	234	41124
261	257	245	234	41188
260	257	245	234	41252
259	256	244	233	41309
259	256	244	234	41375
261	257	245	235	41439
260	257	244	234	41496
260	256	244	234	41561
260	256	244	234	41621
260	256	244	234	41674
260	257	245	234	41680
260	257	245	235	41736
260	256	245	234	41743
260	256	244	233	41827
261	257	245	235	41889
260	257	245	235	41954
260	257	244	234	42019
260	257	245	235	42079
259	255	243	233	42136
261	257	245	234	42188
260	257	244	234	42248
261	257	245	234	42308
260	257	244	234	42364
260	257	244	234	42418
259	255	243	233	42422
261	257	245	234	42425
260	256	244	234	42427
260	256	245	234	42479
260	256	244	234	42541
259	255	243	233	42598
260	257	245	235	42663
260	257	244	234	42719
260	256	244	234	42775
260	256	244	233	42841
260	256	243	233	42906
258	254	243	232	42910
259	256	244	234	42973
260	256	243	233	42975
261	257	245	235	42977
259	256	243	233	43030
260	256	245	234	43097
260	255	244	233	43162
260	256	245	235	43164
260	257	244	234	43227
259	255	244	233	43230
260	257	244	235	43278
259	256	244	234	43338
259	255	243	233	43340
261	257	245	235	43398
261	256	245	235	43403
258	254	243	232	43459
259	255	244	233	43520
259	256	244	233	43527
260	257	244	234	43586
260	256	244	234	43590
260	256	244	234	43650
260	256	244	233	43704
260	256	244	234	43711
260	256	244	234	43767
259	256	244	234	43772
260	256	244	233	43826
261	257	244	235	43923
259	255	243	232	43967
259	255	243	233	43970
260	256	244	234	44031
260	256	244	234	44080
259	256	244	233	44084
259	256	244	233	44143
260	255	244	233	44151
260	257	245	234	44212
260	256	244	234	44264
258	254	242	232	44324
260	255	244	234	44381
260	256	244	234	44438
259	256	244	233	44499
259	255	244	233	44561
260	256	244	233	44620
260	255	244	234	44629
260	256	243	234	44677
260	256	243	233	44687
260	257	245	234	44731
260	256	244	234	44735
259	256	244	233	44737
260	255	243	233	44795
260	256	244	234	44858
261	256	244	234	44862
260	256	244	234	44920
260	256	244	234	44973
260	256	244	234	45029
260	256	244	234	45088
260	256	244	234	45153
260	256	243	233	45155
259	256	243	233	45209
259	255	243	233	45267
261	257	245	235	45328
260	257	244	234	45392
260	257	244	234	45400
260	256	244	235	45452
260	256	244	233	45516
259	256	243	233	45571
260	256	245	234	45576
261	257	245	234	45637
260	257	244	234	45700
260	256	244	234	45706
260	256	244	233	45763
260	257	245	235	45820
260	256	244	233	45874
260	256	244	234	45936
260	256	245	234	46000
260	256	244	234	46059
260	256	245	235	46118
259	256	244	234	46122
261	256	245	235	46180
259	255	243	233	46250
259	256	244	233	46307
261	257	245	235	46369
261	257	245	235	46422
260	256	244	234	46478
261	257	245	234	46484
260	257	244	234	46541
259	255	243	233	46593
260	257	245	234	46599
259	255	243	234	46659
260	256	244	234	46668
261	257	245	235	46722
261	256	245	234	46729
260	256	245	234	46784
259	256	244	234	46847
260	256	244	234	46850
261	258	244	235	46910
260	256	244	234	46967
259	256	243	233	47029
259	255	244	234	47038
261	257	245	234	47096
259	256	244	233	47160
261	257	245	234	47164
260	256	244	235	47215
260	256	245	234	47280
259	255	244	233	47344
261	256	244	234	47393
261	257	245	235	47448
260	256	244	234	47511
260	256	244	233	47513
259	256	244	234	47517
261	257	244	234	47573
259	255	243	233	47577
260	256	244	233	47635
260	256	244	234	47695
260	256	244	234	47699
259	256	243	233	47756
260	256	244	234	47809
260	255	244	233	47816
260	256	244	234	47873
260	256	244	234	47881
260	257	244	234	47936
259	255	243	233	47939
260	257	244	234	47996
260	255	244	233	48050
259	256	244	234	48055
260	257	245	235	48112
261	257	245	235	48164
259	256	244	233	48226
260	256	244	234	48311
261	257	245	235	48367
261	257	245	234	48434
260	256	244	234	48437
261	258	245	235	48443
260	257	244	234	48501
260	257	244	234	48507
260	256	244	234	48565
260	256	244	234	48629
259	256	244	234	48684
260	255	243	233	48749
261	256	245	235	48807
261	256	244	234	48815
259	256	243	233	48873
259	255	243	233	48879
260	256	244	233	48933
260	257	245	234	48989
260	256	244	234	49049
260	257	244	234	49105
260	256	244	234	49107
260	257	244	234	49161
260	257	245	234	49170
260	257	244	234	49229
260	257	244	235	49231
260	256	244	234	49289
259	255	244	234	49293
259	255	244	233	49346
260	257	244	235	49405
260	256	244	234	49465
260	256	245	234	49530
260	257	245	235	49583
261	257	245	234	49639
259	255	243	233	49702
260	256	244	234	49755
259	256	243	233	49757
260	256	244	234	49812
259	256	243	233	49875
260	256	244	234	49880
260	256	244	234	49936
260	256	244	234	49998
261	257	245	234	50060
260	256	244	234	50116
260	256	244	234	50118
260	256	244	234	50181
260	256	244	234	50237
260	257	244	235	50300
260	256	244	233	50307
260	257	244	233	50353
262	257	245	235	50405
260	257	245	234	50527
260	256	244	233	50588
260	256	244	233	50652
261	257	245	235	50711
261	257	244	234	50765
261	257	245	234	50827
259	256	243	233	50833
261	257	244	233	50889
260	256	243	234	50948
261	257	245	234	51010
261	257	245	234	51019
260	256	244	233	51075
259	255	243	233	51136
262	258	245	235	51192
261	257	244	234	51196
260	257	244	234	51253
261	257	245	234	51310
260	256	244	233	51375
260	257	245	234	51439
260	257	245	234	51501
262	258	245	235	51509
260	255	243	233	51563
261	257	245	235	51619
260	256	245	234	51689
260	256	244	234	51738
260	256	244	233	51797
260	256	244	233	51862
261	257	245	235	51864
261	257	245	235	51867
260	257	245	234	51927
261	258	245	235	51992
261	257	245	235	52044
260	257	244	235	52093
260	257	245	234	52099
260	256	244	234	52157
261	257	245	234	52220
260	257	244	234	52227
260	257	245	234	52280
260	257	244	234	52336
260	257	244	234	52389
260	257	245	234	52392
261	256	244	234	52449
262	258	246	236	52518
260	257	245	234	52574
259	256	243	234	52633
261	257	245	235	52638
260	257	245	234	52640
261	257	245	234	52694
260	256	244	234	52702
260	256	245	234	52764
261	258	245	235	52845
260	256	244	234	52891
260	257	245	234	52947
261	257	244	234	53010
260	257	245	234	53013
260	256	244	234	53064
260	256	244	234	53069
