972	975	959	936	59
972	975	960	936	5302
972	976	960	936	5305
972	975	959	936	5308
972	976	961	937	5367
972	975	960	936	5416
972	975	961	937	5466
971	975	960	936	5521
972	976	961	937	5582
972	975	961	936	5643
974	977	962	938	5650
971	975	959	935	5707
973	976	962	938	5770
972	976	961	937	5777
972	976	960	936	5836
972	976	961	937	5838
972	976	961	937	5903
971	975	960	936	5966
973	976	961	937	6016
972	975	960	936	6072
972	975	960	936	6139
972	975	960	936	6200
972	975	960	936	6261
972	975	960	937	6263
972	976	960	937	6271
972	976	960	936	6327
972	975	960	937	6397
972	975	960	936	6448
972	975	960	936	6451
972	976	960	936	6506
971	974	960	936	6568
973	975	961	937	6576
972	975	960	937	6634
972	975	960	937	6695
971	975	960	936	6762
972	975	960	936	6821
971	975	960	936	6877
972	975	960	936	6941
972	976	961	937	7005
972	976	960	937	7010
973	977	961	937	7072
972	975	960	936	7080
972	976	961	937	7132
973	976	961	937	7195
971	974	959	935	7251
973	976	961	938	7316
973	976	961	937	7376
973	976	961	938	7380
972	975	960	936	7433
972	975	960	937	7442
973	976	961	936	7501
973	976	961	937	7564
972	975	960	937	7616
972	976	960	937	7666
972	976	961	937	7668
973	977	961	938	7729
972	975	961	936	7738
972	976	960	936	7790
972	976	961	937	7855
972	975	960	937	7864
972	975	960	936	7963
973	977	961	938	8013
972	975	960	937	8072
972	976	961	938	8131
973	976	961	938	8196
971	975	960	936	8200
972	975	960	937	8259
973	976	961	938	8357
972	975	960	937	8409
971	975	960	937	8479
972	975	960	936	8483
973	976	961	937	8548
972	976	961	937	8552
972	976	960	937	8610
973	976	961	937	8676
973	976	961	937	8736
973	976	961	937	8797
973	977	962	938	8805
973	976	960	937	8862
972	976	960	937	8919
971	975	960	936	8924
973	977	961	938	8926
972	976	960	937	8975
973	976	961	938	8978
972	975	960	937	9032
972	976	960	937	9088
971	975	959	936	9095
972	976	960	937	9153
972	975	960	936	9204
971	974	959	936	9256
972	975	960	936	9311
971	975	960	936	9376
973	975	961	937	9480
972	975	960	936	9528
971	975	959	936	9537
973	976	961	937	9588
973	976	961	938	9596
972	976	960	937	9652
973	976	961	937	9655
973	976	961	937	9712
972	975	960	937	9716
972	977	961	938	9767
972	975	960	937	9771
970	974	959	935	9834
972	975	960	936	9839
973	977	961	937	9901
971	975	959	936	9962
971	975	959	936	9966
971	975	959	936	10019
972	975	960	937	10080
973	976	961	937	10088
972	976	960	937	10140
973	976	961	937	10148
972	976	960	935	10200
973	975	960	937	10260
973	977	961	938	10265
973	976	961	937	10365
973	976	961	936	10406
973	977	961	938	10414
972	976	960	937	10468
972	976	960	937	10472
972	976	960	937	10534
972	975	960	937	10537
973	977	961	937	10586
972	975	960	936	10642
972	975	961	937	10700
973	976	961	937	10705
972	975	961	936	10772
973	976	961	937	10774
973	977	962	937	10840
973	977	961	936	10905
972	977	961	937	10953
973	976	961	937	10957
972	975	959	936	11016
972	975	960	936	11074
972	975	960	936	11127
972	976	960	936	11182
972	975	960	936	11252
972	976	961	937	11310
973	976	961	937	11374
971	975	960	936	11382
972	976	961	937	11462
973	977	961	937	11518
972	975	961	937	11581
972	976	961	936	11643
972	976	961	937	11645
973	976	961	937	11699
972	976	960	937	11702
972	977	961	938	11760
971	975	960	936	11813
972	976	961	937	11863
972	976	961	937	11923
972	976	960	937	11927
973	977	961	938	11980
973	977	961	938	12044
973	977	961	937	12053
971	975	960	936	12112
973	977	961	937	12116
971	975	959	935	12180
972	976	960	937	12241
972	976	960	937	12244
973	976	961	938	12306
972	976	961	937	12362
973	977	961	938	12419
973	975	960	937	12421
972	976	960	937	12482
972	975	960	937	12490
973	976	961	938	12544
972	976	960	937	12597
972	976	961	938	12660
972	976	961	937	12666
972	976	961	937	12727
972	976	961	937	12788
972	976	960	937	12840
972	976	961	937	12899
972	976	960	937	12906
973	977	962	938	12961
972	976	960	937	13027
972	976	961	937	13031
973	977	961	938	13090
972	976	961	937	13152
971	974	959	935	13213
972	975	960	936	13274
973	976	961	937	13281
974	977	961	938	13335
972	977	960	938	13338
971	975	960	936	13392
972	976	960	936	13399
973	977	962	938	13455
973	976	961	938	13510
972	976	960	937	13515
973	976	961	937	13520
972	976	961	937	13573
973	976	961	938	13575
972	976	961	937	13633
973	976	961	937	13700
973	977	961	937	13748
972	975	960	937	13797
972	976	961	937	13875
972	975	960	936	13926
973	977	961	938	13982
973	977	961	938	13986
972	976	961	937	14041
972	976	960	937	14105
973	977	961	938	14150
972	976	961	938	14160
974	977	962	939	14214
971	975	960	936	14276
972	976	961	938	14279
972	976	961	937	14341
973	977	961	938	14404
973	977	961	938	14407
972	976	961	937	14458
971	975	959	936	14520
971	975	960	936	14584
972	975	960	936	14644
972	976	960	937	14696
971	975	959	936	14746
971	975	959	936	14817
973	977	961	938	14868
972	976	960	937	14928
971	975	960	936	14988
973	976	961	937	15043
973	977	961	938	15050
972	976	960	937	15102
971	975	960	936	15163
972	976	960	937	15216
973	977	961	938	15267
972	976	960	937	15274
973	977	962	938	15331
972	976	960	937	15394
973	976	960	937	15403
973	976	961	937	15458
972	976	960	937	15461
973	976	960	937	15521
973	977	961	938	15582
972	976	961	937	15637
972	976	959	937	15699
973	976	961	937	15705
972	975	959	936	15763
973	977	961	938	15825
973	977	961	937	15829
972	976	960	937	15879
973	977	961	938	15882
973	977	961	937	15887
973	976	961	937	15945
973	976	960	937	15951
972	976	960	937	15955
973	976	961	937	16013
972	976	960	937	16018
973	977	961	937	16066
972	976	961	937	16075
971	976	960	936	16130
972	975	960	936	16135
971	975	960	936	16192
972	975	960	936	16195
973	977	961	937	16198
971	975	960	936	16257
972	976	961	937	16320
971	975	960	935	16324
972	976	960	937	16382
973	976	960	937	16440
972	976	961	937	16502
971	976	960	937	16563
973	976	961	937	16619
972	975	960	936	16621
972	976	960	937	16684
973	976	962	938	16687
973	977	961	937	16748
972	975	960	937	16812
973	976	961	937	16867
972	975	960	936	16924
972	975	961	937	16976
972	975	960	936	16978
972	975	960	936	17040
972	975	960	937	17050
972	976	961	937	17100
972	976	961	937	17160
972	975	960	937	17170
974	977	961	938	17225
973	976	961	938	17276
972	976	961	937	17340
972	976	960	938	17401
973	976	961	938	17404
973	976	961	937	17458
971	975	960	936	17512
972	975	960	937	17571
972	975	960	937	17577
972	975	960	937	17631
973	976	961	936	17690
971	976	960	936	17757
971	975	959	936	17761
971	974	959	936	17821
972	976	960	937	17824
972	975	959	937	17829
972	975	960	937	17876
971	975	959	936	17940
972	976	961	937	18002
972	976	960	936	18060
972	975	960	936	18068
971	975	960	936	18122
973	976	961	937	18181
972	976	961	937	18245
971	975	959	936	18310
972	976	961	937	18356
970	973	958	935	18415
973	977	962	938	18472
972	976	960	937	18538
972	975	960	937	18592
972	976	960	937	18597
971	974	959	935	18658
972	975	960	937	18662
972	975	960	937	18747
972	975	960	936	18798
973	976	961	938	18806
973	976	961	938	18862
973	976	961	937	18869
973	976	961	938	18924
973	976	961	938	18931
972	975	960	937	18989
973	976	961	937	19053
971	975	960	936	19239
973	976	960	937	19287
972	974	959	936	19338
971	975	960	937	19344
972	976	960	937	19406
972	975	960	936	19462
971	975	960	936	19520
972	976	961	937	19582
971	974	960	935	19631
971	975	960	936	19696
971	975	960	937	19699
972	975	960	937	19759
972	976	960	936	19762
971	975	959	937	19767
972	976	960	937	19824
973	975	961	937	19883
970	974	958	935	19938
972	975	960	937	20001
972	975	960	936	20062
972	975	960	937	20124
971	974	959	936	20127
973	976	961	937	20191
973	976	961	937	20195
973	977	961	938	20253
972	976	961	937	20313
972	975	960	937	20321
972	976	960	937	20372
971	974	959	935	20377
973	976	961	938	20433
973	976	961	938	20490
973	976	961	938	20548
973	976	961	938	20557
971	975	959	936	20612
972	975	961	937	20670
972	975	960	936	20733
973	977	962	938	20741
973	977	961	938	20799
972	976	961	937	20865
970	975	959	935	20920
972	975	960	937	20927
973	976	960	937	20986
971	975	960	936	20992
973	976	961	937	21050
972	975	960	936	21054
973	977	961	938	21057
972	976	960	937	21060
973	976	961	937	21115
972	976	959	936	21182
972	975	960	936	21185
971	975	959	936	21247
972	975	960	937	21251
973	976	961	937	21310
972	976	960	937	21314
972	976	960	937	21374
974	977	962	938	21431
973	976	961	937	21477
972	975	960	936	21538
973	977	962	937	21543
973	978	962	938	21599
973	976	961	937	21662
973	976	961	937	21727
972	976	961	937	21735
973	976	961	937	21785
972	975	960	936	21841
973	976	961	937	21902
973	977	961	938	21957
973	976	961	937	22013
973	977	961	937	22071
972	976	961	938	22080
973	977	962	938	22135
972	976	960	936	22189
971	974	959	935	22251
972	977	961	937	22310
972	976	960	937	22372
973	976	960	937	22438
972	976	960	936	22501
973	976	960	936	22564
972	975	960	936	22626
973	976	962	938	22635
973	976	961	937	22688
972	976	960	936	22739
973	976	961	938	22803
972	975	960	936	22810
972	976	961	937	22864
973	977	961	938	22867
973	976	961	937	22916
972	975	960	937	22966
972	976	960	937	23021
972	976	961	937	23083
972	976	960	937	23139
973	976	961	938	23203
972	976	960	936	23212
973	976	961	937	23265
972	976	960	937	23322
972	975	960	937	23380
973	976	962	937	23388
973	976	961	938	23443
973	976	961	937	23447
973	977	961	938	23502
973	977	962	938	23562
972	976	961	937	23566
971	975	960	937	23626
973	977	961	938	23685
972	976	961	937	23748
972	975	960	936	23808
972	975	960	936	23872
973	976	961	937	23934
973	977	961	937	23936
972	975	960	937	23942
972	976	960	937	23997
972	976	960	937	24047
972	975	960	936	24109
972	976	960	937	24171
972	975	960	936	24233
972	976	960	937	24238
972	976	960	936	24294
971	975	960	936	24300
973	976	961	937	24363
973	977	961	937	24367
972	976	960	937	24425
972	975	960	937	24427
974	977	962	938	24483
973	977	961	938	24538
974	977	962	938	24542
972	977	961	937	24611
972	976	960	937	24616
973	976	961	938	24657
973	976	961	937	24712
973	977	961	938	24771
973	977	961	938	24777
971	974	959	936	24833
973	976	961	937	24892
972	976	960	936	24954
973	977	961	938	24962
973	976	961	937	25014
972	976	961	937	25073
971	975	960	936	25140
973	977	962	938	25187
973	976	960	937	25190
972	975	960	936	25193
971	976	960	937	25249
971	975	959	936	25314
972	975	959	936	25380
973	977	961	938	25435
973	976	961	937	25491
973	976	960	937	25496
972	977	960	938	25499
971	975	960	936	25555
972	977	961	937	25610
972	976	961	937	25615
973	976	961	937	25620
971	975	960	936	25675
973	977	961	937	25733
972	976	960	936	25742
972	976	960	937	25802
973	977	961	937	25856
973	976	961	937	25914
972	976	961	937	25971
972	976	961	937	26035
973	977	961	938	26092
972	976	961	937	26151
972	976	960	937	26154
973	977	962	938	26157
972	976	960	937	26213
971	975	959	935	26217
972	976	960	937	26280
972	976	961	937	26338
972	976	960	937	26387
973	976	961	937	26448
974	978	962	938	26509
972	976	960	937	26570
972	976	960	936	26628
972	976	960	937	26634
973	976	960	936	26690
971	974	959	935	26695
973	976	961	937	26754
972	976	960	937	26760
974	978	962	938	26815
972	975	960	937	26876
972	975	960	937	26939
972	975	960	936	27004
974	977	961	938	27063
972	976	960	937	27071
973	977	961	937	27131
972	976	960	936	27187
971	975	960	936	27235
972	975	960	936	27288
972	976	960	937	27298
971	974	959	935	27352
972	976	961	937	27410
972	976	961	937	27471
973	976	961	937	27532
972	975	960	936	27588
971	974	959	936	27647
972	975	960	936	27650
971	975	959	936	27708
972	976	960	936	27770
972	976	960	936	27837
972	975	960	937	27892
970	974	959	935	27956
972	975	960	937	28014
973	976	961	937	28077
971	975	960	936	28138
972	975	960	937	28141
971	975	960	937	28144
972	976	960	936	28196
973	975	961	937	28247
973	976	961	938	28308
972	976	960	937	28369
971	974	959	936	28429
972	975	961	937	28490
972	976	960	937	28494
973	976	961	937	28552
972	975	961	936	28609
972	975	961	937	28673
971	974	960	936	28727
972	975	960	937	28729
972	975	960	937	28789
972	976	961	937	28858
974	977	962	938	28913
972	975	960	936	28914
972	976	961	937	28967
972	975	960	937	29029
973	977	962	938	29092
972	976	960	937	29152
971	975	959	936	29156
971	975	960	936	29213
971	974	959	936	29215
972	976	961	937	29269
973	976	961	937	29331
971	975	960	936	29391
972	976	961	938	29395
973	976	961	937	29452
973	976	961	938	29513
972	976	961	937	29566
972	976	960	937	29622
973	977	961	938	29681
971	974	960	936	29732
973	976	961	938	29839
971	975	960	936	29893
972	975	960	937	29948
973	976	961	937	29996
973	976	961	938	30005
974	978	962	938	30055
972	975	960	937	30126
972	977	961	937	30134
971	974	959	936	30189
973	976	961	938	30197
972	975	960	937	30251
971	975	959	936	30320
973	976	960	937	30327
972	976	961	937	30387
973	976	960	938	30395
973	976	961	938	30448
972	975	960	937	30496
972	975	960	937	30579
971	975	959	936	30636
972	974	960	936	30697
972	976	961	937	30793
971	975	960	936	30801
971	975	960	936	30852
972	975	960	936	30858
972	976	960	937	30914
973	976	961	938	30917
972	975	960	937	30968
973	976	961	938	30973
971	975	959	936	31030
971	975	959	936	31097
972	975	960	936	31156
972	976	960	937	31206
971	974	960	936	31263
972	975	960	937	31322
973	976	961	937	31385
972	975	960	936	31388
971	975	959	936	31447
972	975	960	937	31501
971	975	959	936	31507
972	976	961	937	31561
971	974	959	935	31621
972	975	960	936	31686
972	975	960	936	31688
973	976	960	937	31691
973	976	961	938	31753
972	976	960	936	31759
973	977	961	938	31820
973	976	961	937	31826
972	974	959	936	31889
973	976	961	937	31953
972	976	960	936	31956
972	975	960	937	31963
973	977	961	938	32019
972	976	961	937	32026
973	977	961	938	32085
970	974	959	935	32089
974	978	962	938	32148
972	976	960	937	32210
973	975	960	936	32271
972	975	960	937	32277
972	976	961	937	32338
972	975	960	936	32344
971	976	959	936	32401
972	975	959	936	32410
971	975	960	936	32466
972	975	960	937	32517
972	976	961	937	32520
973	976	961	937	32583
973	976	960	937	32640
971	974	959	935	32645
973	977	961	938	32700
973	976	961	937	32759
972	975	960	936	32824
972	976	961	937	32884
973	977	961	937	32943
973	977	961	938	32996
972	976	961	937	33000
973	977	961	937	33059
971	975	960	936	33068
974	977	962	938	33132
973	976	961	937	33191
972	975	960	936	33252
973	976	961	937	33254
972	976	960	937	33315
974	978	962	938	33370
971	975	959	935	33434
973	977	962	938	33486
971	975	959	936	33492
973	976	961	937	33550
973	977	961	937	33559
972	975	960	936	33618
973	977	961	938	33625
973	976	961	938	33683
972	976	960	936	33741
973	977	961	938	33746
973	976	961	937	33799
972	976	961	937	33801
973	977	962	938	33864
972	976	960	936	33866
972	976	960	937	33869
972	977	961	938	33873
972	976	960	937	33932
972	975	961	936	33996
973	976	961	938	34000
972	975	960	937	34061
972	976	961	937	34125
972	976	960	936	34127
973	977	961	937	34135
972	975	960	937	34191
971	975	959	936	34196
973	976	961	937	34253
972	977	962	938	34260
972	975	960	937	34305
972	976	960	937	34369
971	975	959	936	34433
973	976	961	937	34489
973	976	961	938	34550
972	977	960	938	34614
972	976	961	937	34617
972	976	960	937	34683
972	975	960	936	34735
972	975	960	937	34741
972	976	960	936	34795
973	977	961	938	34845
972	976	960	937	34910
973	976	961	937	34976
973	976	961	937	34982
973	976	960	937	35037
972	976	961	938	35096
971	975	959	936	35160
972	976	960	937	35222
972	976	961	937	35287
971	975	959	936	35338
972	976	960	937	35398
972	976	960	937	35444
973	976	961	938	35499
972	975	961	937	35505
973	977	960	937	35562
972	975	960	937	35627
972	975	960	936	35683
972	976	961	937	35742
972	976	961	937	35747
973	977	962	938	35792
971	975	960	936	35795
973	977	961	938	35856
972	976	960	937	35917
972	976	961	937	35981
972	976	960	937	36043
971	975	959	936	36104
972	976	960	937	36111
972	976	960	937	36169
971	975	960	936	36233
972	976	960	937	36237
972	975	960	936	36290
973	976	961	937	36349
971	975	960	936	36353
973	977	962	938	36396
972	976	961	937	36446
973	976	961	938	36497
972	976	961	938	36562
973	977	961	938	36567
973	976	961	938	36569
974	977	961	938	36626
972	976	961	937	36670
972	976	960	937	36730
971	975	959	937	36785
973	977	962	938	36792
973	977	962	938	36848
972	976	960	936	36912
972	977	961	937	36968
972	975	960	936	37030
971	975	960	936	37098
973	976	960	937	37160
973	977	962	938	37167
973	976	961	937	37218
973	977	961	937	37275
973	977	961	938	37280
973	976	961	938	37339
974	978	962	939	37348
972	976	960	937	37401
973	976	961	937	37461
973	977	962	938	37468
972	977	961	937	37526
973	976	961	937	37530
972	976	960	936	37590
971	974	959	935	37659
973	977	961	937	37724
972	976	960	936	37728
973	976	960	937	37789
973	977	961	938	37853
973	976	961	937	37857
974	977	962	938	37914
973	976	961	937	37966
973	977	961	938	38021
974	977	963	939	38082
972	976	961	937	38144
973	975	961	936	38149
971	976	960	936	38205
972	976	961	937	38271
973	977	961	937	38327
972	975	960	936	38385
973	977	961	938	38458
973	977	961	938	38507
973	976	961	937	38514
971	976	960	936	38516
972	976	960	936	38574
973	976	961	937	38631
972	976	960	937	38696
971	974	959	936	38787
973	977	961	937	38841
973	976	961	937	38894
972	975	960	936	38897
972	975	960	936	38948
972	976	961	937	38951
972	976	960	936	38954
972	975	960	936	39014
971	975	960	936	39022
973	976	960	937	39079
973	976	961	937	39086
972	975	960	937	39146
973	976	961	937	39204
972	976	961	938	39209
972	976	960	936	39213
973	976	961	938	39280
972	976	961	937	39341
973	976	961	937	39404
973	975	960	937	39413
972	976	960	937	39466
971	975	960	936	39531
971	974	959	936	39588
973	976	960	937	39644
972	975	960	937	39693
973	977	962	938	39751
972	976	961	937	39816
972	976	961	937	39821
972	976	961	937	39881
972	975	960	937	39888
972	976	960	937	39950
972	974	959	936	39956
973	977	962	938	40012
972	976	959	937	40081
973	976	961	937	40138
972	976	960	937	40145
972	975	960	937	40203
971	975	960	936	40209
971	975	960	936	40265
973	976	961	937	40271
971	975	960	936	40330
970	974	960	936	40336
973	977	961	937	40424
973	976	961	937	40428
972	976	960	937	40430
971	974	959	936	40484
972	975	960	937	40546
972	975	961	936	40612
972	975	961	937	40670
972	975	960	937	40730
973	976	961	938	40795
971	974	960	936	40858
971	974	959	936	40922
972	975	960	937	40984
973	976	961	937	41037
972	975	961	937	41109
973	976	961	938	41172
972	976	961	937	41229
972	976	961	937	41281
972	975	960	937	41285
972	976	962	938	41344
972	976	960	937	41408
972	974	959	936	41412
972	976	961	937	41523
972	976	960	937	41577
972	976	960	937	41583
972	976	961	937	41642
973	976	961	938	41698
972	975	960	937	41746
973	976	961	937	41806
971	974	959	935	41857
973	976	961	938	41909
971	974	959	935	41958
973	976	961	937	41963
973	977	961	938	42024
973	976	961	937	42029
972	976	960	937	42090
971	974	959	934	42160
972	975	960	937	42207
972	975	960	937	42213
973	976	961	937	42271
972	976	960	937	42338
972	975	960	937	42400
973	977	961	938	42456
972	975	960	937	42459
973	976	960	937	42462
973	976	961	937	42521
973	976	961	937	42581
972	975	960	937	42642
971	975	959	936	42704
972	975	960	936	42757
973	976	961	937	42808
972	976	960	937	42871
972	975	960	937	42937
971	975	960	936	42941
972	975	960	936	42998
972	975	960	936	43057
972	976	961	937	43059
971	975	960	936	43120
973	977	961	938	43126
972	977	961	937	43186
972	975	960	936	43194
972	976	961	937	43251
972	975	960	936	43257
973	976	960	937	43319
973	976	961	937	43374
973	976	961	938	43379
973	977	961	937	43432
973	976	961	938	43491
973	976	961	937	43552
973	976	961	936	43561
974	977	962	938	43609
972	975	960	936	43673
972	976	960	936	43679
973	977	961	938	43738
972	976	961	937	43801
973	976	961	937	43860
972	976	961	937	43864
973	976	961	937	43868
973	977	961	937	43924
972	975	960	936	43982
971	975	960	936	43990
972	976	960	936	44047
971	975	960	936	44112
973	977	961	938	44115
972	975	960	936	44170
972	975	960	937	44231
972	975	961	936	44296
972	976	961	936	44302
973	976	960	937	44361
972	976	960	936	44367
972	976	960	936	44424
973	977	961	938	44480
973	976	961	938	44542
973	976	961	937	44600
972	976	960	936	44662
972	976	960	937	44723
972	976	960	936	44788
972	976	960	937	44853
971	975	960	936	44914
973	977	962	939	44979
971	975	959	936	45036
971	975	959	936	45044
972	976	960	937	45103
972	976	961	937	45112
972	976	960	937	45169
972	976	961	937	45221
973	977	962	938	45273
973	977	961	938	45327
973	978	962	938	45390
972	976	961	937	45455
973	976	961	938	45459
972	976	962	937	45520
973	977	961	938	45590
973	976	960	937	45642
971	975	960	936	45704
972	976	961	937	45765
972	976	961	937	45772
973	976	961	937	45820
971	974	959	936	45871
972	976	961	937	45875
974	977	961	938	45933
971	975	960	936	45935
973	976	961	937	45939
973	976	961	937	45995
971	974	959	936	46001
973	976	961	938	46067
972	976	961	937	46070
972	977	961	938	46132
971	974	959	935	46136
972	976	961	937	46194
971	975	960	937	46196
973	976	961	938	46249
972	976	961	937	46310
972	976	960	937	46375
972	976	960	937	46433
972	976	960	937	46440
973	977	961	938	46494
972	975	960	936	46550
971	975	960	936	46616
972	976	960	937	46668
973	976	961	937	46677
972	976	960	936	46729
973	977	961	938	46738
971	975	960	936	46785
973	977	961	937	46842
973	976	962	938	46904
973	976	961	937	46956
973	976	961	938	47009
972	976	961	937	47072
972	976	961	937	47128
971	976	960	936	47138
973	976	961	938	47180
972	976	961	938	47241
973	977	962	938	47304
971	975	960	936	47370
972	976	961	937	47434
971	974	959	935	47487
972	976	961	937	47549
972	975	960	936	47610
971	975	960	936	47674
971	975	959	936	47730
972	975	960	936	47740
973	976	961	937	47788
972	976	960	936	47882
973	976	961	938	47933
972	976	960	937	47935
972	976	961	937	47990
973	976	961	938	48057
973	976	961	938	48113
971	975	960	937	48166
972	975	960	937	48169
973	977	961	938	48174
972	975	960	937	48230
971	975	959	936	48286
972	976	960	937	48293
973	976	961	938	48346
972	975	960	936	48397
972	976	960	936	48454
973	977	961	937	48457
974	977	962	938	48505
972	976	960	937	48562
971	975	959	936	48620
973	976	961	937	48627
971	975	960	936	48684
972	977	961	938	48740
973	977	961	938	48801
972	976	960	936	48810
972	976	960	937	48861
974	978	962	939	48920
971	976	960	936	48979
974	977	962	938	48989
972	976	960	937	49040
971	975	959	936	49087
