1234	1241	1222	1194	53
1233	1240	1222	1193	8071
1233	1240	1222	1193	8141
1235	1241	1224	1194	8202
1235	1242	1224	1195	8259
1235	1242	1223	1194	8315
1233	1240	1222	1193	8371
1233	1240	1222	1194	8373
1234	1241	1222	1194	8435
1233	1240	1222	1193	8491
1234	1241	1223	1194	8494
1234	1242	1223	1194	8499
1234	1241	1223	1194	8557
1234	1240	1223	1193	8615
1235	1241	1223	1195	8674
1233	1240	1222	1193	8736
1233	1240	1223	1194	8743
1234	1241	1224	1194	8833
1234	1242	1224	1195	8891
1234	1240	1223	1194	9032
1233	1240	1222	1193	9085
1234	1241	1224	1195	9151
1233	1240	1222	1193	9207
1234	1241	1223	1195	9268
1233	1240	1222	1193	9336
1235	1241	1224	1195	9342
1235	1242	1224	1195	9345
1233	1241	1223	1194	9402
1234	1241	1223	1194	9465
1234	1240	1222	1193	9526
1234	1241	1223	1195	9532
1234	1241	1223	1195	9588
1234	1241	1223	1194	9591
1234	1241	1222	1194	9649
1235	1241	1223	1195	9755
1235	1241	1223	1194	9801
1234	1241	1223	1194	9870
1234	1240	1222	1194	9873
1234	1241	1223	1194	9942
1234	1241	1223	1194	10004
1234	1240	1223	1193	10012
1235	1241	1223	1194	10071
1234	1241	1223	1194	10135
1234	1241	1223	1195	10192
1234	1241	1223	1194	10255
1235	1240	1224	1195	10317
1233	1240	1222	1193	10374
1234	1240	1223	1194	10433
1233	1240	1222	1194	10489
1232	1239	1220	1192	10491
1234	1241	1223	1194	10551
1233	1239	1221	1192	10554
1234	1241	1223	1194	10603
1232	1240	1222	1193	10608
1236	1242	1224	1196	10663
1234	1242	1224	1195	10723
1234	1241	1224	1195	10733
1234	1241	1222	1194	10787
1234	1241	1223	1194	10795
1234	1241	1222	1194	10851
1234	1241	1223	1194	10899
1234	1241	1223	1194	10948
1235	1242	1224	1195	11009
1234	1240	1222	1194	11014
1233	1240	1222	1193	11075
1236	1242	1224	1196	11129
1234	1240	1222	1194	11133
1234	1241	1222	1194	11136
1234	1240	1223	1193	11194
1234	1241	1223	1194	11253
1233	1240	1223	1193	11261
1233	1240	1222	1193	11316
1234	1241	1223	1194	11378
1234	1241	1223	1194	11432
1233	1240	1223	1193	11435
1235	1242	1224	1195	11500
1234	1242	1223	1194	11565
1233	1240	1222	1193	11620
1235	1241	1223	1195	11683
1234	1240	1223	1194	11746
1234	1241	1223	1194	11799
1234	1241	1223	1194	11802
1235	1242	1224	1195	11806
1234	1242	1223	1195	11876
1235	1242	1224	1195	11930
1233	1240	1222	1193	11997
1236	1242	1224	1196	12045
1234	1240	1222	1194	12055
1234	1241	1223	1194	12110
1234	1241	1223	1194	12117
1234	1241	1223	1194	12175
1235	1241	1223	1195	12232
1234	1241	1223	1194	12240
1233	1240	1223	1194	12296
1234	1241	1223	1194	12362
1235	1242	1224	1195	12416
1233	1240	1222	1193	12475
1233	1239	1222	1192	12524
1235	1241	1223	1195	12581
1234	1242	1224	1195	12590
1234	1241	1223	1194	12652
1234	1240	1223	1194	12716
1233	1241	1223	1194	12774
1234	1241	1223	1194	12842
1234	1242	1223	1194	12850
1234	1241	1223	1194	12905
1234	1241	1223	1194	12908
1234	1241	1223	1194	12912
1233	1241	1222	1194	12965
1234	1241	1223	1194	13023
1235	1241	1224	1195	13032
1234	1241	1223	1194	13084
1235	1242	1223	1194	13087
1235	1242	1224	1195	13147
1234	1241	1222	1193	13193
1234	1241	1222	1194	13256
1235	1241	1222	1194	13265
1234	1241	1223	1194	13318
1235	1241	1223	1194	13326
1236	1244	1225	1196	13381
1234	1241	1224	1195	13441
1235	1242	1224	1195	13508
1233	1239	1222	1192	13514
1234	1241	1222	1193	13572
1234	1241	1223	1194	13637
1234	1242	1224	1194	13699
1234	1241	1224	1194	13759
1234	1241	1223	1194	13809
1234	1241	1224	1194	13877
1233	1240	1222	1193	13879
1234	1240	1222	1193	13924
1235	1242	1224	1195	13926
1234	1241	1223	1194	13996
1234	1241	1222	1194	13999
1234	1241	1223	1194	14055
1235	1241	1224	1195	14119
1234	1242	1224	1194	14192
1234	1241	1223	1194	14253
1235	1242	1223	1195	14258
1235	1242	1223	1195	14323
1234	1241	1223	1195	14384
1236	1243	1225	1196	14390
1234	1241	1223	1193	14463
1233	1240	1222	1193	14466
1235	1242	1224	1195	14522
1234	1241	1223	1194	14605
1235	1242	1224	1196	14655
1234	1242	1223	1194	14657
1234	1242	1224	1195	14712
1235	1242	1224	1195	14771
1235	1242	1224	1195	14773
1234	1241	1223	1194	14834
1234	1240	1222	1194	14895
1233	1240	1222	1193	14898
1234	1241	1223	1194	14961
1234	1241	1223	1194	15023
1236	1242	1224	1196	15082
1234	1241	1223	1194	15143
1234	1241	1223	1195	15207
1236	1243	1224	1196	15259
1233	1240	1222	1193	15267
1235	1241	1223	1194	15322
1234	1241	1223	1194	15384
1234	1241	1223	1195	15450
1234	1242	1223	1195	15512
1234	1241	1224	1194	15520
1235	1242	1223	1195	15577
1236	1242	1225	1196	15582
1234	1241	1223	1194	15642
1235	1241	1223	1194	15707
1233	1241	1223	1194	15764
1234	1241	1223	1194	15826
1233	1241	1223	1194	15832
1234	1242	1224	1195	15899
1234	1241	1223	1194	15960
1235	1242	1224	1195	16074
1234	1241	1223	1194	16128
1235	1242	1224	1195	16183
1234	1240	1222	1194	16187
1234	1241	1223	1194	16190
1233	1241	1222	1194	16246
1234	1241	1223	1194	16250
1235	1241	1223	1195	16314
1236	1243	1225	1196	16320
1233	1240	1223	1194	16371
1235	1242	1225	1195	16376
1234	1241	1223	1194	16442
1235	1242	1224	1195	16497
1234	1241	1223	1194	16547
1233	1241	1223	1194	16552
1233	1240	1222	1194	16611
1234	1241	1223	1194	16674
1235	1242	1224	1195	16676
1234	1241	1223	1194	16738
1234	1242	1224	1195	16798
1235	1242	1223	1195	16851
1234	1241	1223	1194	16916
1234	1242	1223	1194	16973
1234	1241	1223	1194	16977
1234	1241	1224	1194	17030
1235	1242	1224	1195	17033
1235	1242	1224	1195	17093
1233	1240	1222	1194	17155
1235	1242	1224	1195	17213
1235	1242	1224	1195	17215
1235	1242	1223	1195	17276
1234	1241	1223	1195	17279
1234	1241	1223	1194	17331
1236	1242	1224	1196	17392
1235	1242	1224	1195	17455
1234	1241	1223	1194	17516
1234	1242	1224	1195	17568
1234	1241	1224	1194	17628
1234	1241	1222	1193	17683
1235	1242	1224	1196	17730
1233	1240	1222	1194	17734
1234	1242	1223	1195	17792
1235	1241	1223	1194	17855
1233	1240	1222	1193	17911
1234	1242	1224	1194	17917
1235	1241	1223	1194	17979
1234	1241	1223	1194	18032
1234	1240	1222	1194	18034
1235	1241	1224	1194	18095
1234	1241	1222	1194	18102
1234	1241	1223	1194	18163
1234	1242	1223	1194	18168
1234	1242	1223	1195	18171
1235	1243	1224	1196	18221
1234	1242	1223	1195	18272
1235	1242	1223	1194	18281
1235	1243	1224	1195	18341
1235	1242	1224	1195	18347
1235	1242	1223	1195	18407
1236	1242	1224	1196	18413
1235	1242	1223	1195	18471
1235	1243	1225	1195	18536
1235	1241	1223	1194	18588
1236	1243	1225	1196	18596
1236	1242	1224	1195	18649
1234	1241	1223	1194	18710
1235	1242	1224	1195	18756
1235	1243	1224	1195	18809
1235	1242	1224	1195	18872
1234	1242	1223	1194	18933
1234	1241	1222	1194	18995
1235	1242	1224	1195	19053
1234	1242	1224	1195	19055
1234	1241	1223	1194	19058
1235	1242	1224	1195	19111
1234	1242	1223	1195	19117
1236	1242	1224	1195	19171
1235	1242	1224	1195	19174
1234	1241	1223	1194	19177
1234	1241	1223	1194	19236
1234	1242	1223	1195	19290
1233	1241	1223	1194	19354
1233	1240	1222	1194	19415
1232	1239	1221	1192	19424
1234	1241	1224	1194	19472
1234	1241	1223	1194	19475
1235	1242	1223	1194	19531
1235	1242	1224	1195	19588
1234	1241	1223	1194	19643
1234	1241	1223	1194	19705
1233	1240	1222	1193	19761
1233	1240	1223	1193	19825
1234	1241	1223	1195	19885
1233	1239	1222	1193	19895
1234	1240	1222	1193	19952
1234	1240	1223	1194	20016
1234	1241	1223	1194	20068
1235	1242	1224	1195	20119
1234	1241	1224	1195	20179
1234	1241	1223	1194	20182
1233	1240	1222	1193	20246
1234	1241	1223	1194	20304
1234	1241	1223	1194	20359
1234	1241	1223	1194	20421
1233	1240	1222	1194	20430
1234	1241	1222	1194	20486
1234	1241	1223	1194	20542
1234	1241	1223	1195	20602
1233	1239	1222	1193	20606
1233	1240	1222	1193	20666
1233	1239	1222	1193	20670
1232	1240	1221	1193	20732
1233	1240	1222	1194	20796
1234	1240	1223	1193	20802
1235	1242	1224	1195	20848
1234	1241	1223	1194	20855
1233	1240	1223	1194	20904
1234	1241	1223	1194	20965
1235	1242	1224	1195	20967
1235	1242	1224	1195	20970
1233	1240	1222	1193	21031
1234	1241	1223	1194	21095
1235	1241	1224	1194	21152
1233	1239	1222	1193	21214
1235	1242	1224	1195	21277
1234	1241	1223	1195	21280
1236	1244	1225	1196	21282
1234	1242	1224	1195	21341
1234	1241	1223	1194	21408
1234	1241	1223	1195	21468
1233	1240	1222	1194	21476
1234	1241	1223	1194	21530
1234	1241	1223	1195	21584
1234	1241	1223	1194	21646
1235	1242	1224	1195	21711
1234	1241	1223	1194	21720
1233	1240	1222	1193	21773
1235	1242	1224	1195	21841
1234	1241	1223	1194	21906
1233	1241	1222	1194	21958
1235	1241	1223	1194	21965
1234	1241	1223	1194	22020
1234	1241	1223	1194	22069
1234	1241	1223	1194	22120
1233	1240	1222	1193	22181
1233	1241	1223	1194	22245
1233	1240	1222	1194	22253
1234	1241	1222	1194	22312
1233	1239	1222	1193	22375
1233	1240	1222	1193	22383
1234	1241	1222	1194	22439
1234	1241	1223	1194	22494
1234	1241	1223	1195	22550
1233	1240	1222	1194	22599
1234	1239	1223	1194	22649
1235	1241	1224	1195	22698
1234	1241	1222	1194	22759
1235	1242	1224	1195	22765
1235	1242	1224	1195	22821
1235	1242	1224	1195	22881
1234	1242	1224	1195	22945
1234	1241	1223	1194	22950
1234	1240	1223	1195	23022
1232	1240	1221	1192	23075
1235	1242	1224	1195	23152
1233	1241	1222	1194	23203
1233	1240	1222	1193	23262
1234	1241	1223	1194	23327
1234	1241	1223	1194	23336
1233	1241	1222	1194	23393
1234	1241	1224	1194	23400
1234	1241	1223	1194	23459
1235	1242	1224	1195	23514
1234	1241	1223	1194	23572
1233	1240	1222	1193	23575
1235	1242	1224	1196	23580
1234	1241	1222	1194	23637
1235	1241	1224	1194	23689
1235	1241	1224	1195	23698
1234	1241	1223	1194	23760
1233	1241	1222	1194	23763
1235	1242	1223	1195	23825
1235	1242	1224	1195	23893
1235	1242	1224	1195	23947
1235	1242	1224	1195	24015
1235	1242	1223	1194	24072
1233	1240	1222	1193	24137
1235	1242	1224	1195	24143
1234	1241	1223	1193	24202
1235	1241	1223	1194	24265
1234	1240	1222	1193	24269
1235	1241	1224	1194	24332
1235	1242	1224	1195	24410
1235	1242	1223	1194	24466
1234	1240	1223	1194	24468
1234	1241	1223	1194	24520
1234	1241	1224	1194	24574
1234	1241	1223	1194	24580
1235	1241	1223	1193	24639
1234	1242	1224	1194	24707
1234	1241	1223	1193	24768
1235	1241	1223	1194	24774
1235	1242	1224	1194	24835
1234	1241	1223	1194	24838
1234	1240	1222	1192	24888
1234	1240	1223	1193	24891
1234	1241	1223	1193	24951
1234	1240	1222	1192	24959
1235	1241	1223	1194	25015
1233	1240	1223	1193	25072
1235	1241	1224	1194	25138
1235	1243	1224	1195	25190
1235	1242	1224	1195	25264
1234	1241	1223	1194	25308
1234	1241	1223	1193	25367
1234	1241	1223	1194	25432
1234	1241	1223	1194	25440
1234	1241	1223	1194	25497
1235	1242	1224	1195	25553
1234	1241	1223	1194	25558
1234	1241	1223	1194	25616
1235	1242	1223	1194	25623
1235	1242	1224	1195	25683
1236	1243	1225	1195	25748
1236	1242	1224	1195	25810
1234	1241	1223	1194	25874
1234	1241	1223	1194	25941
1234	1241	1223	1194	25945
1235	1242	1224	1195	26006
1235	1242	1224	1195	26063
1235	1242	1223	1195	26071
1234	1241	1222	1194	26128
1235	1242	1225	1195	26132
1235	1242	1224	1195	26190
1234	1240	1223	1193	26247
1235	1242	1224	1195	26304
1234	1240	1223	1194	26387
1234	1241	1223	1195	26442
1234	1241	1223	1195	26450
1234	1242	1223	1194	26504
1235	1241	1223	1195	26509
1234	1241	1223	1194	26558
1233	1241	1222	1194	26614
1235	1242	1224	1195	26616
1233	1240	1222	1193	26677
1235	1242	1224	1194	26734
1234	1241	1223	1194	26793
1234	1241	1223	1195	26864
1234	1241	1224	1195	26923
1234	1242	1223	1195	26987
1234	1241	1223	1195	26994
1235	1242	1223	1195	26996
1234	1241	1223	1195	27052
1235	1242	1224	1195	27115
1234	1241	1223	1194	27170
1235	1241	1223	1194	27232
1234	1241	1223	1194	27291
1235	1242	1224	1195	27294
1234	1241	1223	1194	27363
1233	1239	1222	1193	27430
1234	1241	1223	1194	27439
1235	1242	1224	1196	27494
1235	1242	1224	1195	27547
1235	1242	1224	1195	27601
1236	1243	1225	1196	27664
1234	1240	1223	1194	27725
1233	1241	1223	1194	27779
1234	1241	1223	1194	27833
1234	1241	1223	1194	27891
1235	1242	1224	1196	27954
1234	1241	1223	1195	28008
1234	1241	1223	1194	28072
1236	1242	1225	1196	28137
1233	1241	1223	1193	28198
1234	1241	1223	1194	28249
1235	1242	1224	1195	28309
1234	1241	1223	1194	28317
1235	1242	1224	1196	28374
1235	1241	1223	1195	28434
1234	1240	1223	1194	28441
1235	1242	1223	1195	28500
1234	1241	1223	1194	28502
1235	1242	1224	1194	28560
1235	1242	1224	1195	28636
1236	1243	1224	1196	28641
1235	1242	1224	1195	28695
1235	1241	1223	1194	28749
1234	1240	1223	1194	28751
1235	1242	1224	1195	28813
1235	1242	1224	1195	28817
1235	1242	1224	1195	28878
1234	1242	1224	1195	28943
1235	1242	1223	1195	29004
1234	1241	1223	1195	29069
1239	1245	1227	1198	29137
1234	1241	1223	1194	29188
1235	1241	1223	1194	29243
1235	1242	1224	1194	29248
1235	1243	1224	1195	29313
1234	1241	1223	1194	29319
1236	1243	1225	1197	29396
1234	1241	1222	1193	29455
1235	1242	1224	1195	29510
1234	1242	1223	1195	29512
1234	1242	1223	1194	29576
1234	1240	1222	1194	29635
1234	1241	1222	1194	29638
1235	1243	1224	1195	29753
1236	1243	1224	1196	29804
1235	1242	1224	1195	29866
1235	1242	1224	1194	29870
1234	1241	1223	1194	29938
1235	1242	1224	1194	29994
1234	1240	1222	1193	30050
1234	1242	1223	1195	30109
1235	1242	1223	1194	30159
1234	1241	1223	1194	30215
1235	1242	1223	1194	30275
1235	1242	1223	1195	30278
1234	1242	1223	1195	30337
1235	1242	1224	1195	30343
1234	1241	1223	1195	30403
1233	1240	1222	1193	30410
1234	1241	1223	1194	30465
1234	1241	1223	1193	30522
1235	1241	1224	1194	30570
1236	1243	1225	1196	30622
1236	1243	1225	1196	30684
1235	1242	1224	1195	30732
1233	1240	1222	1193	30796
1233	1240	1222	1192	30847
1234	1241	1223	1194	30899
1233	1240	1222	1193	30906
1234	1241	1222	1194	30963
1233	1241	1223	1194	31026
1234	1241	1223	1194	31083
1234	1240	1222	1193	31088
1234	1241	1223	1195	31147
1235	1241	1223	1194	31197
1233	1240	1222	1193	31205
1234	1241	1224	1194	31258
1235	1241	1224	1194	31308
1234	1241	1223	1194	31357
1234	1240	1223	1194	31412
1234	1241	1223	1194	31419
1234	1241	1223	1194	31462
1233	1240	1223	1193	31464
1235	1242	1224	1195	31471
1234	1241	1223	1194	31537
1233	1240	1221	1192	31582
1234	1241	1223	1195	31630
1234	1241	1223	1194	31700
1233	1240	1222	1194	31755
1235	1241	1223	1194	31822
1235	1242	1224	1195	31882
1234	1242	1223	1194	31945
1234	1241	1223	1194	31997
1233	1240	1222	1193	32003
1233	1240	1222	1193	32061
1233	1240	1222	1194	32117
1235	1242	1224	1195	32121
1233	1241	1222	1194	32184
1233	1240	1222	1194	32191
1233	1240	1222	1193	32252
1233	1241	1222	1194	32254
1234	1241	1223	1194	32317
1233	1240	1222	1193	32319
1234	1240	1222	1194	32378
1234	1240	1223	1194	32428
1234	1241	1223	1194	32483
1235	1241	1224	1195	32543
1234	1241	1223	1194	32545
1235	1242	1224	1195	32608
1233	1239	1221	1193	32614
1234	1241	1223	1194	32672
1235	1242	1224	1195	32735
1233	1240	1223	1194	32793
1234	1241	1223	1194	32854
1235	1241	1223	1194	32915
1235	1242	1223	1195	32974
1234	1240	1222	1194	32976
1234	1241	1224	1195	32983
1233	1241	1222	1194	33035
1234	1241	1223	1194	33089
1233	1240	1222	1193	33099
1235	1241	1223	1194	33164
1234	1241	1223	1194	33228
1235	1242	1224	1195	33285
1235	1241	1223	1195	33337
1234	1241	1224	1195	33395
1235	1241	1224	1195	33399
1233	1240	1222	1193	33456
1234	1241	1223	1194	33510
1234	1240	1223	1194	33514
1233	1240	1222	1194	33572
1234	1241	1224	1194	33575
1234	1240	1222	1194	33581
1233	1240	1222	1193	33642
1234	1240	1223	1194	33700
1234	1241	1224	1195	33766
1233	1240	1222	1193	33819
1234	1241	1223	1194	33870
1234	1241	1223	1194	33874
1235	1242	1223	1195	33933
1234	1240	1223	1193	33998
1233	1240	1222	1193	34055
1234	1240	1223	1193	34111
1234	1240	1222	1193	34113
1234	1240	1222	1193	34171
1234	1240	1223	1194	34235
1234	1241	1223	1194	34290
1234	1240	1223	1194	34296
1233	1240	1222	1193	34351
1233	1241	1223	1194	34355
1234	1241	1223	1194	34415
1233	1241	1223	1194	34472
1234	1241	1223	1194	34536
1233	1241	1223	1194	34588
1234	1241	1223	1194	34640
1234	1241	1223	1194	34703
1235	1241	1224	1195	34767
1235	1242	1224	1195	34775
1235	1242	1224	1196	34832
1234	1241	1223	1194	34836
1234	1242	1223	1194	34841
1235	1242	1223	1195	34894
1234	1241	1223	1194	34953
1234	1241	1223	1194	35011
1234	1241	1223	1195	35075
1234	1241	1223	1194	35079
1234	1242	1223	1194	35132
1235	1241	1223	1195	35183
1236	1243	1225	1196	35239
1235	1241	1223	1195	35298
1234	1241	1222	1194	35303
1233	1241	1222	1193	35307
1235	1242	1224	1195	35363
1234	1241	1222	1194	35425
1236	1241	1224	1195	35430
1233	1240	1222	1192	35490
1234	1241	1222	1194	35498
1234	1241	1223	1194	35555
1236	1242	1224	1195	35611
1234	1240	1223	1194	35672
1233	1240	1222	1193	35736
1235	1242	1224	1195	35786
1236	1242	1224	1195	35841
1235	1242	1224	1195	35907
1234	1240	1223	1193	35969
1235	1242	1224	1195	36030
1235	1242	1224	1195	36033
1235	1242	1224	1195	36094
1235	1242	1224	1195	36155
1234	1241	1223	1194	36163
1235	1242	1224	1194	36220
1235	1242	1224	1194	36291
1235	1242	1224	1195	36346
1235	1242	1224	1194	36399
1235	1241	1223	1194	36404
1235	1242	1224	1195	36462
1234	1241	1223	1194	36524
1234	1240	1223	1193	36580
1234	1240	1223	1194	36630
1234	1241	1223	1194	36680
1233	1240	1222	1192	36746
1234	1240	1223	1194	36800
1235	1241	1223	1195	36850
1235	1243	1224	1195	36904
1235	1242	1224	1194	36967
1235	1242	1224	1195	37014
1236	1243	1224	1195	37082
1234	1242	1223	1194	37085
1234	1241	1223	1194	37147
1235	1242	1224	1195	37203
1236	1242	1225	1196	37263
1234	1241	1223	1194	37269
1235	1242	1224	1195	37328
1235	1242	1224	1195	37385
1234	1241	1223	1194	37392
1234	1241	1223	1194	37446
1234	1242	1224	1195	37502
1235	1242	1223	1195	37570
1235	1242	1224	1195	37633
1234	1240	1223	1193	37695
1233	1239	1222	1193	37705
1234	1241	1223	1194	37758
1235	1242	1224	1195	37809
1234	1241	1223	1194	37816
1235	1241	1223	1195	37868
1234	1241	1223	1194	37926
1234	1240	1222	1194	37985
1234	1240	1223	1194	38049
1234	1241	1223	1194	38053
1234	1242	1224	1195	38117
1234	1241	1223	1194	38177
1234	1242	1224	1195	38229
1233	1240	1222	1193	38291
1234	1241	1223	1195	38300
1235	1242	1224	1195	38345
1234	1241	1223	1194	38402
1236	1242	1224	1195	38406
1234	1241	1223	1194	38467
1234	1241	1223	1195	38557
1234	1242	1223	1194	38601
1236	1242	1224	1196	38666
1235	1242	1224	1195	38748
1235	1242	1223	1195	38755
1235	1242	1223	1195	38811
1234	1242	1223	1194	38813
1235	1242	1224	1195	38872
1236	1243	1225	1196	38875
1234	1240	1222	1193	38937
1233	1240	1222	1193	38992
1234	1241	1223	1194	39050
1234	1241	1223	1194	39056
1235	1242	1225	1196	39117
1234	1241	1223	1194	39122
1234	1241	1223	1194	39182
1235	1242	1224	1195	39250
1235	1241	1223	1194	39257
1234	1240	1223	1194	39316
1236	1242	1225	1196	39396
1234	1241	1223	1194	39439
1234	1242	1224	1195	39447
1234	1242	1224	1195	39449
1234	1241	1223	1194	39502
1234	1241	1223	1194	39511
1234	1240	1223	1194	39562
1233	1241	1223	1194	39571
1234	1241	1223	1194	39630
1234	1241	1223	1194	39682
1235	1242	1224	1195	39686
1234	1242	1223	1195	39744
1234	1241	1223	1194	39803
1233	1239	1222	1194	39811
1233	1241	1222	1194	39865
1235	1242	1224	1195	39869
1235	1241	1224	1194	39920
1234	1241	1223	1194	39926
1235	1242	1224	1195	39972
1234	1241	1223	1194	40037
1234	1241	1223	1194	40042
1234	1241	1223	1195	40095
1234	1242	1224	1194	40162
1234	1241	1223	1194	40164
1236	1243	1224	1196	40223
1234	1241	1223	1194	40288
1234	1240	1222	1194	40343
1234	1242	1223	1195	40405
1234	1241	1223	1195	40412
1236	1242	1225	1195	40470
1234	1242	1223	1195	40529
1235	1242	1223	1194	40579
1235	1242	1223	1194	40642
1235	1242	1224	1195	40708
1235	1242	1223	1195	40717
1234	1242	1223	1194	40810
1235	1242	1224	1195	40859
1235	1243	1224	1195	40909
1236	1243	1225	1196	40970
1234	1241	1223	1195	40977
1234	1242	1223	1194	41022
1235	1242	1224	1195	41085
1235	1242	1224	1195	41089
1234	1241	1223	1194	41091
1234	1241	1223	1194	41146
1234	1242	1222	1194	41210
1235	1241	1224	1194	41274
1234	1241	1223	1194	41333
1236	1242	1224	1195	41396
1235	1242	1223	1195	41402
1235	1241	1223	1194	41462
1236	1242	1224	1195	41468
1234	1241	1223	1194	41524
1234	1241	1223	1194	41582
1233	1240	1223	1193	41658
1235	1242	1224	1194	41713
1235	1242	1224	1194	41716
1233	1240	1222	1193	41770
1234	1241	1223	1193	41776
1236	1243	1224	1196	41837
1235	1241	1224	1194	41893
1234	1241	1222	1193	41960
1234	1240	1222	1194	42009
1233	1240	1222	1193	42071
1234	1241	1222	1193	42136
1234	1241	1223	1195	42193
1233	1241	1222	1193	42196
1234	1241	1223	1194	42253
1234	1241	1223	1194	42304
1234	1241	1223	1194	42366
1234	1241	1223	1194	42375
1235	1242	1224	1195	42430
1233	1241	1223	1194	42481
1234	1241	1223	1194	42489
1234	1241	1223	1194	42550
1235	1241	1224	1195	42613
1234	1242	1223	1195	42673
1235	1241	1224	1195	42739
1234	1241	1222	1193	42793
1233	1240	1222	1193	42858
1234	1241	1223	1194	42920
1234	1240	1222	1194	42924
1234	1241	1223	1194	42973
1235	1241	1224	1195	43036
1234	1240	1222	1194	43103
1234	1241	1223	1195	43105
1234	1241	1223	1194	43166
1234	1240	1222	1194	43174
1235	1242	1224	1195	43228
1234	1241	1223	1194	43282
1233	1240	1222	1193	43289
1234	1241	1223	1194	43351
1234	1241	1223	1194	43356
1233	1240	1222	1193	43420
1234	1241	1223	1195	43519
1235	1242	1224	1195	43571
1234	1240	1222	1193	43575
1233	1241	1223	1193	43639
1234	1240	1223	1194	43703
1234	1241	1223	1195	43769
1234	1240	1223	1194	43771
1234	1240	1222	1193	43828
1234	1240	1223	1193	43892
1234	1241	1224	1195	43957
1234	1240	1223	1194	44031
1234	1241	1223	1194	44033
1233	1240	1222	1193	44080
1234	1241	1223	1194	44142
1235	1241	1224	1195	44206
1235	1242	1224	1195	44213
1233	1240	1223	1194	44268
1234	1241	1223	1195	44318
1233	1240	1223	1194	44368
1234	1240	1223	1194	44426
1234	1241	1223	1194	44477
1233	1241	1222	1193	44530
1235	1241	1224	1195	44537
1233	1240	1222	1193	44594
1235	1241	1223	1195	44601
1235	1242	1224	1196	44658
1235	1241	1224	1195	44724
1234	1240	1223	1193	44783
1234	1241	1223	1194	44869
1234	1241	1221	1194	44925
1234	1241	1223	1194	44933
1234	1241	1223	1194	44995
1234	1241	1223	1194	45000
1234	1241	1223	1194	45059
1234	1240	1223	1194	45112
1234	1240	1223	1194	45178
1234	1241	1223	1194	45183
1233	1240	1222	1193	45241
1235	1241	1224	1195	45306
1235	1241	1223	1195	45314
1234	1242	1224	1195	45371
1236	1242	1224	1195	45427
1235	1241	1223	1195	45482
1234	1240	1223	1194	45489
1233	1240	1221	1193	45544
1236	1243	1225	1196	45605
1234	1240	1223	1194	45610
1235	1242	1224	1195	45613
1234	1241	1223	1194	45672
1234	1240	1222	1193	45739
1233	1241	1223	1194	45789
1234	1241	1223	1194	45794
1234	1241	1222	1194	45851
1235	1241	1224	1195	45917
1234	1241	1223	1195	45974
1234	1240	1223	1194	45977
1234	1241	1223	1195	46037
1234	1241	1222	1194	46044
1235	1241	1224	1195	46101
1234	1241	1222	1193	46103
1233	1240	1223	1194	46162
1235	1242	1224	1195	46170
1233	1240	1222	1193	46234
1234	1241	1222	1193	46243
1234	1241	1223	1194	46295
1234	1241	1223	1194	46299
1234	1241	1223	1194	46348
1234	1241	1223	1194	46354
1233	1241	1222	1194	46407
1234	1242	1224	1195	46467
1234	1241	1223	1194	46522
1234	1241	1223	1194	46587
1234	1241	1223	1195	46648
1234	1241	1223	1194	46707
1235	1242	1224	1195	46709
1235	1241	1223	1193	46714
1234	1242	1223	1194	46775
1234	1241	1223	1193	46827
1234	1241	1222	1194	46899
1235	1242	1223	1195	46953
1235	1241	1223	1195	46956
1234	1241	1223	1193	46959
1234	1241	1223	1193	47015
1235	1242	1224	1195	47021
1235	1242	1224	1194	47078
1234	1241	1223	1194	47136
1234	1241	1223	1194	47192
1235	1241	1224	1195	47197
1234	1242	1223	1194	47254
1234	1241	1223	1194	47314
1234	1241	1223	1194	47371
1235	1242	1224	1195	47433
1235	1241	1223	1194	47493
1234	1241	1223	1193	47556
1235	1242	1223	1194	47614
1233	1240	1222	1192	47619
1234	1241	1223	1195	47678
1235	1242	1225	1195	47744
1236	1242	1225	1196	47807
1235	1241	1224	1194	47809
1235	1242	1224	1195	47869
1235	1241	1224	1195	47875
1235	1242	1224	1195	47931
1233	1240	1222	1193	47982
1234	1241	1223	1194	48046
1235	1242	1223	1194	48050
1235	1243	1224	1196	48055
1233	1240	1222	1192	48112
1235	1241	1224	1194	48162
1234	1241	1223	1195	48222
1235	1242	1224	1194	48232
1234	1242	1223	1194	48290
1235	1242	1224	1195	48295
1235	1241	1223	1194	48355
1236	1243	1225	1197	48438
1234	1241	1223	1194	48499
1234	1241	1223	1194	48557
1234	1241	1223	1195	48559
1234	1241	1223	1194	48622
1234	1241	1222	1194	48684
1235	1242	1224	1195	48745
1234	1242	1223	1194	48797
1234	1241	1222	1194	48802
1235	1242	1224	1196	48863
1234	1240	1222	1193	48923
1235	1242	1224	1195	48984
1235	1241	1223	1195	49044
1234	1241	1224	1194	49099
1235	1242	1223	1195	49160
1234	1241	1223	1194	49168
1234	1241	1224	1195	49211
1233	1240	1222	1194	49276
1235	1242	1223	1195	49339
1234	1241	1223	1194	49395
1236	1243	1225	1196	49448
1235	1242	1224	1195	49508
1234	1241	1222	1194	49569
1234	1241	1224	1194	49619
1234	1241	1223	1194	49621
1234	1241	1223	1194	49623
1234	1241	1223	1194	49684
1235	1242	1223	1195	49748
1234	1241	1223	1194	49755
1235	1241	1223	1194	49813
1234	1242	1223	1195	49878
1233	1240	1222	1193	49885
1234	1241	1223	1195	49944
1234	1241	1223	1194	49948
1233	1240	1222	1193	50057
1234	1241	1222	1194	50064
1234	1241	1223	1195	50120
1234	1241	1223	1194	50185
1235	1241	1224	1195	50191
1235	1242	1224	1195	50251
1235	1242	1224	1195	50315
1234	1241	1223	1194	50380
1234	1241	1222	1194	50440
1234	1241	1223	1195	50506
1234	1241	1222	1194	50512
1234	1242	1223	1194	50569
1235	1242	1223	1195	50572
1235	1242	1224	1195	50637
1235	1241	1224	1195	50689
1235	1241	1224	1195	50751
1234	1241	1223	1194	50826
1235	1241	1223	1195	50879
1234	1241	1223	1194	50888
1234	1241	1222	1193	50944
1235	1242	1224	1196	50998
1235	1241	1223	1195	51005
1234	1241	1223	1194	51061
1235	1242	1224	1196	51122
1234	1241	1223	1195	51125
1234	1241	1223	1194	51179
1234	1242	1223	1195	51183
1234	1242	1224	1195	51236
1234	1240	1223	1194	51241
1235	1241	1223	1195	51300
1236	1242	1224	1195	51363
1233	1240	1221	1194	51468
1234	1242	1223	1195	51470
1234	1242	1223	1195	51525
1234	1241	1223	1194	51528
1234	1241	1223	1194	51591
1235	1242	1223	1195	51649
1235	1241	1224	1195	51707
1234	1242	1223	1194	51758
1234	1241	1222	1194	51818
1234	1241	1223	1195	51881
1234	1241	1223	1194	51946
1235	1242	1224	1196	51951
1235	1242	1224	1195	52009
1234	1242	1224	1195	52019
1234	1242	1223	1195	52071
1235	1243	1224	1196	52132
1234	1240	1223	1194	52193
1234	1241	1224	1194	52196
1235	1242	1224	1195	52255
1234	1241	1223	1194	52313
1234	1241	1223	1194	52372
1235	1241	1223	1194	52430
1235	1242	1223	1195	52483
1233	1240	1222	1193	52543
1234	1242	1223	1194	52602
1235	1241	1223	1194	52660
1234	1241	1223	1194	52719
1234	1241	1222	1194	52796
1236	1242	1224	1195	52845
1235	1242	1224	1195	52897
1235	1242	1224	1195	52945
