1257	1265	1247	1218	11
1262	1269	1251	1222	6947
1263	1271	1253	1224	7018
1262	1270	1251	1222	7067
1262	1269	1252	1223	7132
1261	1269	1250	1221	7188
1263	1270	1252	1223	7240
1263	1269	1252	1223	7290
1263	1270	1252	1223	7295
1263	1270	1253	1224	7357
1264	1271	1253	1225	7421
1263	1269	1252	1223	7477
1263	1270	1252	1224	7534
1263	1269	1252	1223	7600
1262	1270	1252	1223	7658
1262	1269	1251	1222	7710
1263	1269	1252	1223	7761
1262	1269	1251	1222	7825
1262	1269	1252	1223	7887
1263	1270	1253	1224	7951
1263	1270	1252	1223	7960
1262	1269	1251	1222	8015
1263	1270	1252	1224	8018
1262	1269	1251	1222	8096
1262	1270	1252	1223	8103
1262	1270	1251	1223	8168
1262	1269	1251	1222	8249
1263	1270	1252	1223	8307
1262	1269	1251	1222	8374
1264	1270	1253	1224	8383
1263	1270	1251	1223	8437
1263	1270	1252	1223	8495
1263	1270	1252	1224	8559
1263	1270	1253	1224	8610
1263	1270	1253	1224	8663
1262	1269	1251	1222	8726
1262	1270	1252	1223	8790
1264	1271	1253	1224	8842
1264	1270	1252	1223	8845
1262	1269	1252	1223	8911
1263	1270	1252	1223	8962
1263	1270	1252	1223	9017
1262	1269	1251	1223	9081
1263	1270	1252	1223	9137
1263	1270	1252	1223	9192
1262	1269	1251	1222	9252
1264	1270	1253	1224	9321
1262	1269	1251	1223	9392
1264	1271	1253	1224	9398
1263	1270	1252	1223	9457
1263	1270	1252	1224	9459
1262	1270	1251	1223	9520
1263	1270	1252	1223	9570
1263	1269	1252	1223	9578
1262	1270	1252	1223	9633
1263	1270	1253	1224	9635
1263	1270	1252	1223	9641
1263	1270	1252	1224	9694
1263	1270	1252	1223	9757
1263	1270	1252	1224	9818
1263	1270	1252	1223	9872
1264	1270	1252	1223	9931
1263	1269	1252	1222	9984
1262	1269	1251	1222	9988
1262	1270	1252	1222	10048
1262	1269	1251	1223	10107
1262	1269	1251	1222	10115
1264	1271	1252	1224	10169
1261	1268	1250	1221	10221
1263	1271	1252	1223	10276
1263	1270	1252	1223	10281
1263	1270	1252	1223	10283
1262	1270	1251	1222	10340
1263	1270	1252	1223	10343
1262	1271	1251	1223	10347
1263	1270	1252	1223	10407
1263	1270	1252	1223	10479
1262	1270	1251	1222	10546
1263	1270	1252	1224	10555
1264	1271	1252	1224	10630
1262	1270	1252	1222	10680
1263	1271	1252	1223	10732
1264	1271	1252	1223	10735
1263	1270	1252	1223	10737
1263	1270	1252	1223	10797
1263	1269	1251	1222	10800
1264	1271	1252	1223	10861
1263	1270	1252	1223	10864
1264	1271	1252	1224	10923
1263	1270	1252	1223	10987
1262	1269	1251	1222	11042
1262	1270	1252	1223	11099
1263	1270	1252	1222	11155
1263	1270	1252	1222	11219
1263	1269	1252	1222	11280
1263	1270	1252	1223	11282
1263	1270	1253	1224	11335
1263	1269	1252	1222	11343
1262	1270	1252	1223	11397
1262	1269	1252	1223	11457
1263	1270	1252	1223	11504
1264	1271	1253	1224	11508
1263	1270	1252	1223	11563
1263	1270	1252	1223	11569
1263	1270	1252	1223	11623
1263	1270	1252	1223	11632
1263	1271	1253	1224	11684
1263	1269	1252	1223	11746
1263	1270	1252	1223	11811
1263	1270	1252	1223	11868
1263	1270	1252	1223	12036
1263	1270	1252	1222	12094
1262	1269	1251	1222	12148
1263	1270	1253	1223	12213
1264	1271	1252	1223	12218
1263	1270	1251	1223	12278
1263	1270	1252	1223	12337
1264	1271	1253	1225	12394
1262	1269	1251	1222	12456
1262	1269	1251	1222	12518
1264	1271	1253	1224	12523
1262	1270	1252	1223	12583
1263	1270	1252	1223	12587
1263	1271	1253	1224	12645
1264	1271	1253	1225	12708
1263	1269	1251	1223	12712
1263	1271	1253	1224	12762
1261	1269	1250	1222	12771
1264	1271	1253	1224	12824
1262	1269	1251	1222	12826
1263	1271	1253	1224	12885
1264	1271	1253	1224	12895
1263	1271	1253	1224	12947
1264	1270	1252	1224	12950
1264	1271	1253	1224	13009
1262	1269	1251	1222	13013
1263	1271	1253	1224	13062
1263	1270	1251	1223	13112
1263	1271	1252	1223	13174
1262	1269	1251	1222	13236
1263	1270	1251	1223	13239
1264	1270	1253	1223	13242
1264	1272	1253	1225	13301
1263	1270	1252	1223	13352
1262	1269	1251	1222	13403
1263	1270	1252	1223	13407
1263	1270	1252	1223	13455
1263	1270	1252	1223	13520
1264	1272	1253	1224	13571
1263	1269	1251	1223	13633
1263	1271	1252	1224	13695
1263	1270	1252	1223	13758
1264	1271	1253	1224	13820
1263	1271	1252	1224	13882
1264	1271	1253	1224	13885
1263	1270	1253	1223	13948
1263	1270	1252	1223	14004
1264	1271	1253	1224	14008
1263	1270	1252	1223	14069
1263	1270	1252	1223	14075
1262	1270	1252	1223	14136
1263	1270	1252	1223	14201
1263	1270	1253	1223	14264
1264	1270	1252	1223	14327
1263	1271	1253	1224	14333
1264	1271	1253	1224	14397
1263	1269	1252	1223	14401
1263	1271	1252	1224	14457
1261	1269	1251	1222	14522
1263	1270	1253	1224	14525
1262	1268	1251	1222	14587
1264	1271	1253	1224	14643
1264	1271	1253	1224	14652
1263	1270	1252	1223	14711
1262	1270	1251	1223	14767
1263	1270	1252	1223	14824
1262	1269	1252	1222	14830
1264	1272	1253	1224	14886
1262	1270	1251	1223	14889
1264	1271	1253	1224	14954
1264	1271	1252	1223	15009
1264	1271	1253	1224	15075
1262	1270	1251	1222	15082
1262	1270	1252	1223	15140
1262	1270	1252	1223	15147
1263	1271	1253	1224	15206
1263	1270	1252	1223	15272
1263	1270	1251	1222	15325
1262	1269	1251	1222	15455
1263	1270	1252	1223	15504
1263	1270	1253	1224	15559
1263	1270	1252	1223	15566
1263	1270	1252	1223	15624
1263	1270	1252	1223	15686
1264	1271	1253	1224	15751
1264	1272	1254	1225	15797
1262	1270	1251	1223	15863
1263	1270	1252	1223	15926
1265	1272	1254	1224	15936
1263	1270	1252	1223	15995
1263	1270	1252	1223	16060
1263	1270	1252	1223	16121
1264	1272	1253	1224	16177
1264	1270	1252	1223	16183
1264	1272	1253	1223	16245
1265	1272	1253	1224	16304
1264	1271	1252	1223	16363
1264	1271	1252	1223	16424
1264	1271	1253	1224	16432
1264	1271	1252	1224	16488
1262	1270	1251	1222	16545
1263	1270	1252	1223	16608
1264	1271	1253	1224	16613
1262	1270	1251	1222	16672
1265	1272	1253	1225	16722
1264	1271	1252	1223	16778
1264	1271	1253	1223	16832
1263	1269	1251	1222	16835
1263	1270	1252	1223	16893
1261	1269	1250	1220	16972
1264	1272	1253	1224	17063
1263	1270	1253	1224	17131
1264	1271	1253	1224	17193
1265	1272	1254	1225	17199
1263	1270	1252	1223	17254
1263	1271	1253	1223	17312
1263	1271	1253	1223	17316
1264	1271	1253	1224	17405
1262	1270	1251	1222	17462
1263	1270	1252	1223	17514
1262	1270	1252	1223	17574
1263	1270	1252	1223	17637
1263	1271	1252	1224	17645
1263	1270	1251	1222	17697
1262	1269	1252	1222	17751
1264	1271	1253	1224	17816
1262	1270	1252	1222	17879
1264	1271	1253	1224	17930
1265	1272	1254	1225	18078
1262	1269	1251	1223	18129
1263	1271	1253	1224	18134
1265	1272	1253	1225	18192
1264	1271	1253	1225	18195
1262	1269	1251	1222	18253
1263	1270	1252	1223	18256
1263	1270	1252	1224	18258
1264	1271	1253	1224	18314
1263	1270	1253	1224	18322
1264	1272	1253	1224	18366
1264	1272	1254	1224	18371
1263	1270	1252	1223	18433
1263	1271	1253	1224	18496
1263	1270	1252	1223	18501
1262	1269	1251	1222	18558
1263	1270	1252	1223	18562
1264	1271	1253	1224	18620
1264	1271	1253	1224	18675
1263	1270	1252	1223	18680
1263	1270	1252	1223	18741
1263	1270	1252	1223	18800
1263	1270	1252	1223	18860
1264	1271	1253	1224	18863
1263	1270	1252	1223	18913
1262	1269	1251	1223	18975
1263	1270	1252	1224	19035
1262	1269	1252	1222	19043
1263	1270	1252	1223	19085
1263	1270	1253	1223	19147
1263	1270	1252	1223	19208
1263	1269	1252	1223	19265
1262	1269	1251	1222	19329
1262	1269	1251	1223	19335
1262	1270	1252	1223	19397
1264	1270	1253	1224	19450
1262	1269	1252	1222	19501
1263	1270	1251	1223	19507
1263	1270	1252	1223	19563
1262	1269	1252	1223	19627
1262	1269	1252	1223	19687
1263	1270	1252	1223	19745
1264	1271	1253	1224	19838
1264	1270	1253	1224	19896
1261	1269	1251	1221	19951
1261	1268	1251	1222	19955
1262	1270	1252	1223	20013
1262	1269	1252	1223	20014
1261	1269	1251	1222	20019
1263	1270	1252	1223	20078
1263	1270	1251	1223	20130
1262	1270	1251	1223	20192
1263	1270	1252	1223	20199
1263	1270	1252	1223	20254
1262	1269	1252	1223	20260
1263	1270	1251	1223	20319
1262	1270	1252	1223	20326
1263	1271	1252	1223	20381
1263	1270	1253	1224	20439
1263	1269	1251	1223	20446
1264	1271	1252	1224	20500
1263	1270	1252	1223	20564
1263	1270	1253	1224	20627
1263	1271	1252	1224	20688
1262	1269	1251	1222	20741
1264	1270	1252	1224	20793
1263	1270	1252	1224	20857
1263	1270	1253	1224	20913
1263	1269	1252	1223	20961
1262	1269	1251	1223	20967
1263	1270	1252	1224	21028
1264	1271	1253	1225	21033
1263	1270	1252	1223	21096
1263	1270	1252	1223	21160
1262	1270	1251	1223	21212
1263	1270	1252	1223	21266
1264	1271	1253	1224	21268
1263	1270	1251	1223	21330
1262	1269	1251	1222	21394
1264	1271	1253	1224	21397
1262	1269	1250	1222	21453
1262	1269	1251	1222	21516
1262	1269	1251	1222	21582
1264	1271	1253	1224	21585
1263	1270	1252	1223	21633
1264	1271	1253	1224	21686
1262	1269	1251	1222	21742
1262	1270	1252	1223	21747
1264	1272	1253	1224	21806
1263	1270	1252	1223	21808
1262	1269	1251	1222	21872
1263	1272	1253	1224	21937
1263	1270	1252	1223	21991
1262	1270	1252	1223	21993
1263	1270	1252	1222	22052
1263	1270	1252	1223	22061
1265	1272	1253	1225	22117
1264	1270	1253	1224	22174
1263	1271	1252	1223	22223
1262	1269	1251	1222	22280
1263	1270	1252	1223	22340
1263	1270	1253	1223	22348
1263	1270	1251	1222	22406
1263	1270	1252	1222	22414
1263	1270	1251	1223	22490
1264	1271	1253	1224	22551
1263	1270	1252	1223	22669
1263	1270	1252	1223	22673
1263	1270	1252	1223	22725
1262	1270	1252	1222	22787
1264	1271	1253	1225	22848
1263	1270	1252	1223	22903
1263	1270	1252	1223	22968
1262	1269	1251	1221	23021
1264	1271	1253	1224	23030
1263	1270	1252	1223	23088
1262	1269	1252	1222	23141
1263	1270	1252	1223	23201
1262	1269	1252	1222	23255
1264	1270	1253	1224	23258
1261	1269	1251	1221	23317
1263	1270	1252	1223	23381
1262	1269	1251	1222	23441
1263	1270	1252	1223	23502
1263	1270	1252	1223	23562
1263	1270	1252	1223	23625
1264	1270	1253	1223	23690
1264	1271	1253	1224	23693
1263	1269	1251	1222	23695
1262	1269	1252	1222	23753
1263	1269	1252	1223	23761
1263	1271	1252	1223	23816
1262	1269	1251	1222	23883
1263	1270	1252	1222	23942
1263	1270	1252	1222	24001
1263	1269	1252	1223	24056
1264	1270	1253	1224	24120
1263	1270	1252	1223	24179
1263	1270	1253	1223	24181
1263	1270	1253	1224	24235
1263	1270	1252	1223	24242
1262	1270	1252	1223	24296
1264	1271	1253	1224	24301
1263	1270	1252	1224	24356
1263	1270	1251	1223	24413
1262	1269	1251	1222	24480
1263	1270	1253	1224	24542
1263	1270	1252	1223	24549
1263	1271	1253	1224	24625
1263	1270	1251	1223	24628
1263	1271	1252	1223	24632
1263	1270	1252	1224	24678
1264	1271	1253	1224	24742
1263	1271	1252	1224	24806
1262	1269	1251	1223	24865
1262	1269	1251	1223	24925
1263	1270	1252	1223	24987
1263	1269	1252	1222	25047
1263	1270	1252	1223	25106
1262	1269	1251	1222	25113
1262	1270	1252	1223	25169
1263	1270	1251	1223	25219
1264	1270	1253	1223	25281
1263	1271	1253	1224	25333
1263	1271	1252	1224	25335
1264	1271	1253	1224	25396
1263	1270	1252	1223	25459
1264	1271	1253	1224	25463
1262	1269	1251	1222	25525
1264	1271	1253	1224	25533
1264	1270	1252	1224	25594
1263	1271	1252	1224	25599
1263	1270	1252	1223	25652
1264	1271	1253	1224	25716
1264	1271	1253	1224	25779
1263	1271	1253	1224	25780
1263	1270	1252	1223	25834
1263	1270	1253	1224	25841
1263	1270	1252	1224	25893
1263	1271	1252	1223	25951
1263	1270	1252	1223	26007
1263	1271	1252	1224	26063
1263	1270	1252	1223	26073
1264	1270	1252	1223	26127
1263	1270	1252	1224	26133
1263	1271	1252	1223	26194
1265	1272	1254	1225	26202
1263	1270	1252	1223	26260
1263	1270	1252	1223	26317
1262	1269	1251	1223	26326
1262	1269	1251	1222	26379
1262	1269	1251	1223	26440
1264	1271	1253	1224	26507
1263	1270	1253	1223	26510
1263	1270	1252	1223	26576
1262	1270	1251	1222	26635
1263	1270	1252	1223	26643
1263	1270	1253	1224	26697
1263	1271	1252	1224	26700
1263	1271	1252	1224	26764
1263	1271	1253	1224	26827
1263	1271	1252	1224	26886
1262	1270	1252	1223	26951
1263	1270	1252	1223	27003
1263	1270	1252	1223	27117
1264	1271	1252	1224	27173
1264	1271	1253	1224	27236
1262	1270	1252	1223	27297
1264	1271	1252	1224	27356
1262	1269	1252	1223	27418
1264	1271	1252	1224	27471
1264	1272	1252	1224	27521
1262	1270	1252	1222	27577
1264	1271	1253	1224	27581
1263	1271	1253	1224	27636
1263	1271	1252	1223	27699
1264	1271	1253	1225	27701
1263	1270	1252	1223	27758
1264	1272	1253	1225	27765
1263	1270	1251	1222	27819
1264	1271	1252	1224	27878
1264	1272	1253	1224	27931
1265	1272	1253	1225	27938
1264	1271	1252	1224	27993
1264	1272	1253	1224	28056
1264	1271	1253	1225	28118
1263	1271	1252	1223	28172
1263	1271	1252	1223	28182
1264	1270	1252	1223	28236
1264	1271	1253	1224	28242
1264	1272	1254	1224	28301
1264	1271	1254	1224	28353
1263	1271	1253	1223	28401
1263	1270	1252	1223	28479
1265	1272	1253	1224	28539
1263	1270	1252	1223	28590
1264	1271	1253	1224	28597
1264	1270	1253	1223	28652
1264	1272	1253	1225	28654
1265	1271	1254	1224	28712
1265	1272	1254	1225	28770
1263	1270	1252	1222	28829
1264	1272	1253	1224	28889
1263	1270	1252	1223	28897
1264	1272	1253	1224	28955
1264	1271	1253	1224	28964
1264	1271	1253	1223	29014
1264	1271	1253	1224	29076
1263	1270	1252	1223	29133
1263	1270	1252	1223	29141
1264	1271	1253	1224	29195
1263	1270	1252	1223	29330
1263	1270	1252	1223	29381
1264	1271	1253	1224	29389
1264	1271	1253	1224	29441
1264	1272	1253	1224	29444
1263	1271	1252	1224	29450
1263	1270	1252	1223	29502
1264	1271	1253	1224	29565
1264	1271	1253	1224	29626
1263	1270	1252	1223	29687
1262	1270	1252	1222	29692
1264	1271	1253	1225	29750
1263	1270	1252	1223	29759
1265	1272	1254	1225	29812
1264	1271	1253	1224	29871
1262	1270	1252	1223	29928
1263	1270	1252	1224	29992
1263	1270	1252	1224	30042
1263	1271	1252	1224	30044
1262	1270	1252	1224	30051
1262	1268	1251	1222	30103
1263	1270	1252	1224	30165
1263	1270	1252	1223	30236
1263	1270	1252	1223	30290
1262	1269	1251	1222	30298
1264	1270	1252	1224	30345
1264	1270	1252	1224	30409
1262	1270	1251	1223	30464
1263	1270	1252	1223	30523
1262	1269	1251	1222	30581
1262	1269	1252	1223	30632
1263	1270	1251	1223	30638
1263	1270	1252	1223	30694
1262	1269	1252	1222	30784
1263	1270	1252	1223	30855
1263	1270	1252	1224	30858
1263	1270	1253	1223	30865
1262	1270	1251	1222	30920
1263	1270	1252	1223	30980
1262	1269	1251	1223	30984
1262	1270	1251	1223	31041
1263	1270	1252	1223	31044
1263	1270	1252	1223	31046
1263	1270	1252	1222	31102
1262	1269	1251	1222	31164
1263	1269	1252	1223	31216
1264	1271	1252	1224	31276
1263	1271	1253	1224	31278
1263	1270	1252	1223	31337
1261	1269	1250	1222	31401
1262	1269	1252	1223	31465
1262	1269	1251	1222	31469
1262	1270	1252	1222	31525
1262	1270	1252	1223	31589
1262	1269	1251	1223	31648
1262	1269	1252	1222	31709
1263	1271	1253	1224	31762
1262	1270	1251	1223	31821
1263	1270	1252	1223	31876
1263	1271	1252	1224	31878
1264	1271	1254	1224	31936
1262	1269	1251	1222	32023
1262	1269	1251	1221	32074
1262	1270	1252	1222	32083
1262	1269	1251	1222	32138
1263	1269	1252	1223	32193
1263	1269	1252	1223	32199
1262	1269	1251	1222	32254
1262	1269	1252	1223	32318
1261	1269	1251	1222	32324
1263	1271	1253	1224	32383
1263	1270	1252	1224	32445
1264	1271	1253	1224	32452
1263	1270	1252	1223	32506
1264	1272	1254	1225	32566
1262	1270	1251	1223	32621
1263	1270	1252	1223	32682
1263	1270	1253	1224	32689
1263	1270	1252	1223	32792
1262	1269	1252	1223	32835
1263	1270	1252	1222	32841
1263	1271	1252	1224	32899
1263	1270	1251	1223	32975
1263	1270	1252	1223	33022
1264	1271	1253	1225	33079
1262	1269	1251	1222	33138
1262	1270	1251	1223	33190
1262	1269	1251	1223	33251
1263	1270	1252	1223	33294
1262	1270	1251	1223	33346
1263	1271	1252	1223	33405
1262	1270	1252	1223	33466
1263	1270	1252	1223	33527
1263	1271	1253	1223	33590
1263	1270	1252	1223	33654
1263	1269	1252	1222	33715
1264	1271	1253	1224	33777
1263	1270	1252	1223	33837
1264	1271	1252	1223	33843
1263	1270	1252	1223	33900
1264	1271	1252	1223	33955
1263	1270	1252	1223	33957
1263	1271	1252	1223	34021
1264	1271	1253	1223	34072
1264	1270	1252	1223	34134
1263	1270	1251	1223	34142
1263	1271	1252	1223	34195
1262	1269	1251	1222	34257
1263	1270	1253	1224	34312
1264	1271	1253	1224	34362
1262	1270	1252	1222	34427
1264	1272	1253	1224	34490
1263	1271	1253	1223	34540
1264	1272	1253	1224	34547
1263	1271	1252	1223	34603
1264	1271	1253	1224	34610
1263	1270	1252	1223	34658
1263	1271	1253	1223	34715
1264	1272	1253	1224	34724
1262	1269	1252	1222	34782
1264	1271	1253	1224	34841
1264	1271	1253	1224	34899
1262	1269	1251	1222	34953
1264	1271	1253	1224	35021
1263	1270	1252	1223	35087
1263	1270	1252	1224	35151
1263	1270	1252	1223	35204
1264	1271	1253	1223	35269
1263	1270	1252	1223	35274
1262	1269	1251	1222	35330
1263	1271	1253	1223	35382
1265	1272	1254	1225	35434
1264	1271	1253	1224	35441
1263	1270	1253	1223	35500
1263	1270	1251	1222	35560
1263	1270	1252	1223	35624
1264	1271	1253	1224	35626
1263	1270	1253	1223	35629
1263	1271	1252	1224	35691
1263	1270	1252	1223	35693
1262	1270	1252	1223	35755
1264	1270	1253	1224	35821
1263	1270	1252	1223	35873
1263	1271	1253	1224	35923
1264	1271	1253	1225	35929
1264	1271	1252	1224	35984
1263	1270	1252	1224	36046
1264	1270	1253	1224	36055
1263	1270	1252	1223	36105
1264	1271	1253	1224	36168
1263	1271	1254	1224	36170
1263	1271	1252	1223	36223
1263	1269	1252	1223	36304
1263	1270	1252	1223	36347
1264	1271	1253	1223	36349
1264	1271	1253	1224	36424
1263	1271	1253	1224	36433
1263	1271	1252	1224	36486
1263	1270	1252	1223	36543
1262	1270	1251	1223	36605
1264	1271	1252	1224	36612
1264	1271	1253	1224	36667
1263	1271	1252	1224	36730
1263	1270	1252	1223	36785
1263	1269	1252	1223	36847
1265	1272	1254	1225	36849
1262	1270	1252	1223	36907
1263	1270	1252	1223	36970
1262	1269	1251	1222	36977
1264	1271	1253	1224	37021
1263	1270	1252	1223	37078
1264	1272	1254	1224	37141
1264	1271	1253	1224	37192
1263	1270	1252	1223	37197
1264	1271	1253	1224	37256
1263	1271	1253	1223	37318
1263	1270	1252	1224	37371
1264	1271	1252	1224	37425
1263	1271	1252	1223	37486
1263	1271	1252	1223	37551
1263	1270	1252	1223	37606
1262	1270	1252	1223	37609
1264	1270	1252	1223	37665
1263	1270	1252	1222	37730
1264	1271	1253	1224	37787
1262	1270	1252	1223	37849
1263	1270	1252	1223	37926
1262	1270	1252	1223	37975
1263	1270	1252	1223	38039
1264	1271	1253	1224	38091
1262	1270	1252	1223	38096
1264	1271	1252	1224	38158
1264	1270	1253	1224	38214
1264	1272	1253	1225	38264
1262	1270	1252	1222	38327
1263	1270	1252	1223	38329
1264	1272	1253	1224	38331
1263	1270	1252	1223	38387
1262	1270	1252	1223	38443
1263	1271	1253	1224	38452
1264	1271	1253	1224	38505
1262	1269	1251	1222	38566
1262	1270	1252	1222	38625
1264	1271	1253	1224	38632
1263	1270	1252	1223	38690
1263	1270	1252	1223	38694
1263	1271	1252	1223	38756
1264	1271	1253	1224	38821
1263	1271	1252	1224	38875
1263	1271	1252	1224	38877
1263	1270	1252	1223	38882
1264	1272	1254	1225	38940
1263	1271	1252	1224	38946
1263	1270	1251	1223	39010
1264	1272	1253	1224	39106
1263	1270	1252	1222	39166
1263	1271	1252	1223	39220
1263	1271	1252	1223	39271
1263	1272	1252	1224	39336
1263	1270	1252	1223	39338
1265	1272	1254	1224	39398
1264	1271	1253	1224	39456
1264	1271	1252	1224	39514
1264	1271	1253	1224	39577
1263	1271	1252	1223	39638
1263	1271	1252	1223	39641
1263	1271	1252	1223	39646
1264	1271	1252	1223	39703
1264	1271	1253	1223	39753
1263	1271	1252	1224	39816
1265	1272	1253	1224	39879
1265	1272	1254	1224	39934
1264	1270	1253	1224	40006
1264	1271	1253	1223	40062
1264	1272	1253	1224	40127
1264	1271	1253	1223	40129
1263	1270	1253	1223	40186
1264	1271	1253	1224	40254
1263	1271	1253	1224	40323
1263	1271	1253	1224	40388
1263	1270	1252	1223	40393
1264	1271	1253	1223	40395
1264	1271	1252	1223	40453
1263	1271	1252	1223	40518
1263	1270	1252	1223	40580
1263	1270	1252	1223	40589
1263	1270	1252	1222	40642
1264	1271	1252	1224	40648
1264	1271	1253	1224	40711
1263	1271	1253	1223	40763
1263	1270	1252	1224	40829
1264	1271	1253	1223	40888
1263	1271	1252	1224	40943
1263	1271	1252	1223	40946
1264	1271	1253	1224	40996
1262	1270	1252	1223	41060
1263	1270	1252	1223	41123
1264	1271	1253	1224	41127
1264	1271	1252	1224	41189
1263	1270	1252	1224	41191
1264	1271	1253	1224	41195
1263	1271	1253	1224	41254
1263	1270	1253	1224	41316
1263	1270	1252	1223	41321
1264	1271	1253	1224	41394
1263	1270	1253	1224	41442
1264	1270	1253	1224	41523
1263	1270	1252	1223	41581
1263	1270	1252	1223	41642
1264	1270	1253	1224	41652
1262	1270	1252	1223	41705
1263	1271	1252	1224	41709
1263	1270	1252	1223	41772
1262	1269	1251	1222	41822
1264	1271	1253	1224	41824
1263	1271	1252	1223	41828
1263	1270	1252	1223	41886
1263	1270	1252	1223	41889
1263	1270	1252	1223	41891
1263	1270	1252	1223	41955
1263	1269	1251	1222	41957
1263	1270	1252	1224	41964
1263	1269	1251	1223	42021
1263	1270	1252	1223	42081
1262	1269	1251	1223	42145
1263	1270	1252	1223	42197
1263	1270	1252	1223	42250
1262	1269	1252	1222	42258
1263	1270	1252	1223	42312
1262	1270	1251	1223	42318
1262	1269	1251	1222	42375
1263	1270	1253	1223	42440
1264	1271	1253	1225	42492
1263	1270	1252	1224	42547
1264	1271	1253	1224	42600
1262	1269	1252	1223	42608
1262	1270	1251	1223	42661
1262	1270	1252	1223	42667
1263	1271	1252	1223	42723
1261	1268	1250	1222	42788
1263	1270	1253	1223	42852
1262	1269	1251	1222	42914
1263	1270	1252	1224	42979
1261	1269	1251	1222	42989
1263	1270	1252	1223	43043
1262	1269	1252	1223	43098
1263	1270	1252	1222	43102
1263	1271	1252	1223	43156
1262	1269	1251	1222	43160
1264	1271	1253	1224	43226
1264	1270	1252	1224	43232
1262	1270	1252	1223	43288
1262	1269	1252	1222	43348
1263	1270	1253	1223	43431
1263	1270	1252	1223	43473
1262	1270	1251	1222	43481
1262	1270	1252	1223	43536
1262	1269	1251	1223	43602
1263	1270	1253	1223	43653
1263	1270	1253	1224	43702
1263	1270	1252	1224	43711
1262	1269	1251	1222	43765
1263	1270	1252	1223	43828
1263	1270	1252	1223	43881
1263	1269	1252	1223	43937
1262	1269	1251	1222	43993
1262	1270	1252	1223	44056
1263	1270	1252	1223	44113
1263	1270	1252	1223	44180
1263	1270	1252	1223	44186
1262	1269	1251	1222	44189
1263	1271	1252	1223	44248
1263	1269	1251	1222	44311
1263	1271	1253	1224	44361
1263	1271	1253	1224	44425
1263	1271	1252	1223	44432
1262	1269	1251	1222	44492
1263	1270	1252	1223	44551
1262	1269	1251	1223	44608
1263	1270	1252	1222	44667
1263	1271	1252	1223	44725
1263	1270	1252	1223	44792
1262	1270	1252	1222	44857
1263	1270	1252	1223	44913
1263	1270	1253	1223	44967
1263	1270	1251	1222	44970
1262	1269	1251	1222	44973
1265	1271	1253	1224	45029
1263	1270	1252	1223	45089
1264	1271	1253	1224	45151
1263	1270	1252	1223	45156
1262	1269	1251	1222	45215
1262	1269	1251	1222	45280
1263	1271	1252	1223	45333
1264	1270	1252	1223	45402
1262	1270	1251	1222	45452
1263	1270	1252	1223	45510
1262	1270	1251	1223	45563
1263	1270	1252	1223	45617
1263	1270	1252	1222	45622
1263	1270	1252	1223	45683
1262	1269	1252	1222	45749
1263	1270	1252	1222	45755
1264	1272	1253	1224	45815
1264	1271	1253	1224	45878
1264	1271	1253	1223	45932
1264	1271	1253	1223	45940
1263	1271	1253	1223	46000
1263	1271	1252	1223	46065
1264	1271	1253	1224	46127
1262	1270	1252	1222	46183
1263	1271	1253	1223	46186
1264	1270	1253	1223	46249
1263	1270	1252	1223	46316
1264	1270	1253	1223	46319
1264	1271	1253	1224	46383
1263	1270	1252	1223	46448
1263	1270	1252	1223	46535
1262	1269	1251	1222	46539
1263	1271	1252	1223	46593
1264	1270	1253	1223	46599
1263	1270	1253	1223	46657
1263	1271	1252	1223	46715
1264	1272	1253	1224	46720
1263	1271	1252	1223	46722
1264	1271	1253	1224	46779
1263	1271	1253	1224	46781
1262	1270	1252	1223	46783
1264	1271	1252	1224	46787
1263	1270	1252	1223	46837
1264	1271	1253	1225	46843
1264	1271	1253	1223	46898
1263	1270	1252	1224	46951
1262	1269	1251	1222	47006
1263	1269	1251	1223	47014
1263	1270	1252	1223	47067
1263	1270	1252	1223	47070
1263	1270	1252	1223	47125
1262	1270	1251	1222	47133
1263	1269	1251	1223	47191
1263	1271	1252	1224	47252
1262	1270	1252	1223	47314
1262	1270	1252	1223	47322
1263	1270	1252	1223	47380
1264	1271	1253	1224	47385
1263	1269	1252	1223	47447
1263	1270	1252	1224	47510
1263	1270	1252	1223	47574
1263	1270	1252	1223	47576
1263	1270	1252	1223	47638
1263	1270	1252	1223	47643
1264	1271	1252	1224	47646
1264	1271	1252	1224	47703
1264	1271	1252	1224	47767
1263	1270	1252	1223	47823
1263	1270	1253	1223	47885
1264	1271	1252	1223	47950
1263	1270	1252	1223	48006
1262	1269	1252	1223	48071
1263	1270	1252	1223	48131
1264	1271	1253	1224	48136
1264	1270	1252	1223	48195
1262	1270	1252	1223	48260
1264	1271	1253	1224	48322
1263	1270	1252	1223	48375
1262	1270	1251	1222	48437
1263	1270	1252	1223	48441
1264	1270	1252	1224	48489
1264	1271	1253	1224	48552
1264	1271	1253	1224	48615
1263	1270	1252	1223	48623
1262	1269	1251	1223	48676
1263	1271	1252	1224	48731
1264	1271	1253	1224	48797
1264	1271	1253	1224	48806
1264	1271	1252	1224	48855
1265	1273	1254	1226	48858
1264	1270	1252	1223	48918
1263	1270	1252	1224	48974
1263	1271	1252	1223	48982
1265	1273	1254	1226	49041
1263	1270	1252	1223	49105
1262	1269	1251	1222	49108
1264	1271	1253	1224	49109
1264	1271	1253	1224	49113
1263	1271	1252	1223	49173
1263	1269	1252	1223	49176
1263	1270	1252	1224	49237
1263	1270	1253	1223	49291
1262	1270	1251	1223	49353
1263	1270	1252	1223	49416
1263	1271	1253	1224	49474
1263	1270	1252	1223	49475
1264	1271	1253	1224	49527
1262	1270	1252	1222	49615
1264	1271	1253	1224	49675
1264	1271	1253	1224	49737
1262	1270	1251	1223	49743
1265	1272	1254	1225	49747
1263	1270	1252	1223	49800
1263	1270	1252	1223	49857
1263	1272	1253	1224	49860
1263	1271	1253	1224	49915
1264	1271	1253	1224	49973
1263	1271	1252	1224	49978
1263	1270	1251	1223	50035
1263	1270	1252	1224	50098
1263	1270	1252	1223	50100
1263	1270	1252	1223	50163
1263	1271	1252	1223	50228
1263	1271	1252	1223	50283
1264	1271	1252	1223	50349
1264	1271	1252	1224	50405
1263	1270	1252	1223	50465
1263	1271	1252	1223	50525
1263	1271	1253	1224	50593
1264	1271	1253	1224	50596
1263	1270	1252	1223	50666
1264	1271	1253	1224	50721
1264	1271	1252	1224	50728
1264	1272	1253	1224	50787
1263	1271	1252	1223	50846
1263	1271	1252	1224	50910
1264	1271	1253	1224	50974
1263	1270	1252	1223	50976
1263	1270	1252	1223	51035
1264	1271	1253	1224	51099
1264	1271	1253	1224	51150
1263	1271	1253	1224	51202
1263	1270	1252	1222	51324
1264	1271	1253	1223	51377
1263	1270	1252	1223	51435
1262	1270	1251	1222	51498
1263	1270	1252	1223	51556
1265	1272	1254	1225	51612
1264	1271	1253	1224	51673
1264	1271	1253	1224	51789
1264	1272	1254	1224	51844
1265	1272	1253	1225	51849
1263	1271	1252	1224	51940
1264	1271	1253	1224	51987
1264	1270	1252	1223	51991
1264	1271	1254	1224	52044
1263	1271	1253	1223	52108
1264	1272	1253	1224	52114
1264	1272	1253	1224	52170
1264	1271	1253	1224	52177
1263	1270	1252	1224	52234
1264	1271	1254	1224	52240
1262	1269	1251	1222	52299
1264	1271	1253	1224	52301
