1098	1104	1086	1060	64
1102	1108	1091	1064	7241
1103	1108	1091	1064	7306
1103	1108	1091	1064	7367
1103	1109	1092	1065	7433
1103	1109	1091	1064	7498
1103	1108	1091	1064	7506
1101	1107	1091	1063	7572
1103	1108	1091	1064	7623
1103	1109	1092	1065	7690
1103	1109	1092	1065	7748
1103	1109	1091	1065	7803
1102	1108	1091	1064	7861
1102	1107	1091	1063	7915
1103	1108	1092	1065	7979
1102	1108	1090	1064	8041
1103	1109	1091	1064	8096
1103	1108	1091	1064	8098
1103	1109	1092	1065	8164
1103	1108	1091	1064	8236
1102	1108	1090	1064	8298
1103	1108	1091	1065	8347
1103	1108	1091	1065	8411
1102	1107	1090	1064	8419
1103	1108	1091	1065	8478
1102	1107	1090	1064	8533
1102	1108	1091	1064	8583
1103	1108	1091	1065	8647
1102	1108	1090	1064	8711
1103	1109	1092	1066	8770
1103	1109	1092	1065	8774
1103	1107	1091	1064	8777
1104	1110	1093	1066	8828
1102	1109	1091	1065	8831
1103	1108	1091	1064	8884
1102	1108	1090	1063	8892
1103	1108	1091	1064	8945
1101	1107	1089	1063	8997
1102	1108	1091	1063	9060
1102	1108	1091	1064	9130
1104	1109	1092	1065	9189
1102	1108	1090	1064	9197
1102	1109	1090	1064	9258
1102	1108	1090	1065	9264
1102	1108	1090	1064	9321
1103	1108	1091	1064	9326
1102	1108	1091	1064	9385
1104	1109	1092	1065	9448
1102	1108	1091	1064	9539
1103	1109	1091	1065	9595
1103	1108	1091	1064	9604
1102	1108	1090	1063	9656
1104	1109	1092	1065	9703
1103	1108	1091	1065	9761
1102	1108	1091	1064	9817
1102	1108	1091	1064	9880
1102	1108	1090	1064	9886
1103	1109	1091	1065	9947
1102	1108	1091	1064	10011
1103	1109	1092	1065	10019
1103	1110	1091	1065	10073
1103	1108	1091	1064	10126
1103	1109	1091	1065	10135
1102	1107	1090	1063	10189
1102	1107	1090	1063	10250
1104	1109	1091	1065	10304
1103	1108	1091	1064	10365
1102	1107	1090	1063	10422
1103	1108	1091	1064	10485
1103	1108	1091	1064	10492
1103	1108	1091	1065	10548
1102	1108	1091	1064	10610
1103	1108	1091	1064	10616
1102	1108	1090	1064	10670
1103	1108	1091	1065	10674
1103	1109	1091	1064	10676
1103	1108	1091	1064	10734
1103	1108	1091	1064	10738
1103	1109	1091	1065	10799
1102	1108	1091	1065	10803
1102	1108	1090	1064	10860
1102	1108	1091	1064	10920
1102	1108	1091	1064	10927
1103	1109	1092	1065	10986
1103	1108	1091	1065	11048
1103	1109	1092	1066	11112
1103	1108	1091	1065	11168
1104	1109	1092	1065	11174
1103	1109	1091	1065	11227
1102	1107	1090	1063	11236
1103	1109	1091	1065	11290
1102	1108	1091	1065	11343
1102	1108	1090	1064	11349
1104	1110	1092	1066	11413
1103	1109	1091	1065	11469
1103	1108	1091	1064	11473
1102	1108	1090	1064	11523
1103	1109	1092	1064	11573
1103	1109	1092	1065	11626
1102	1107	1090	1064	11633
1104	1111	1092	1066	11688
1104	1109	1092	1065	11751
1103	1108	1091	1064	11759
1101	1107	1090	1063	11814
1102	1107	1090	1063	11874
1103	1109	1091	1064	11924
1102	1108	1090	1064	11982
1104	1109	1092	1065	11990
1103	1109	1092	1065	12064
1102	1108	1090	1064	12122
1102	1108	1091	1064	12173
1104	1109	1091	1065	12227
1104	1109	1092	1065	12235
1103	1109	1092	1064	12278
1103	1109	1091	1064	12282
1103	1109	1090	1064	12288
1103	1109	1091	1064	12349
1103	1109	1092	1065	12408
1104	1109	1092	1065	12412
1102	1109	1090	1064	12478
1103	1108	1090	1064	12538
1102	1108	1091	1064	12543
1102	1108	1091	1064	12548
1103	1108	1091	1064	12598
1102	1108	1091	1064	12664
1103	1109	1092	1065	12713
1103	1108	1091	1064	12716
1103	1109	1091	1065	12721
1103	1109	1092	1064	12772
1102	1108	1091	1064	12834
1103	1109	1091	1065	12842
1103	1108	1091	1064	12895
1103	1109	1091	1064	12955
1103	1108	1091	1064	12961
1104	1110	1092	1065	13019
1102	1108	1090	1063	13075
1105	1110	1093	1065	13079
1103	1108	1091	1065	13139
1103	1109	1091	1064	13145
1102	1109	1091	1064	13206
1103	1109	1091	1065	13213
1102	1109	1091	1065	13276
1100	1106	1089	1063	13327
1102	1107	1091	1064	13391
1102	1108	1091	1064	13449
1103	1109	1091	1065	13503
1102	1108	1090	1065	13558
1103	1109	1092	1065	13566
1103	1109	1091	1064	13621
1103	1108	1091	1064	13673
1103	1109	1091	1065	13723
1102	1108	1091	1064	13779
1103	1109	1091	1065	13783
1102	1108	1091	1064	13841
1103	1109	1091	1065	13900
1103	1109	1092	1065	13904
1103	1109	1091	1064	13956
1103	1109	1091	1065	14019
1104	1109	1091	1065	14081
1103	1109	1091	1065	14139
1102	1109	1091	1064	14141
1104	1109	1091	1065	14203
1102	1108	1091	1064	14258
1103	1109	1092	1066	14319
1104	1109	1091	1065	14328
1103	1108	1091	1064	14392
1103	1109	1092	1065	14448
1102	1108	1091	1064	14510
1102	1109	1091	1065	14565
1102	1108	1091	1064	14619
1102	1108	1091	1064	14675
1103	1108	1091	1064	14728
1103	1110	1091	1066	14731
1103	1108	1091	1064	14791
1102	1107	1090	1064	14856
1103	1109	1091	1065	14916
1103	1108	1091	1064	14919
1102	1108	1090	1064	14925
1103	1108	1091	1065	14981
1103	1109	1091	1065	14990
1103	1109	1091	1065	15045
1103	1108	1092	1065	15097
1102	1107	1090	1064	15102
1103	1109	1091	1065	15104
1103	1109	1092	1065	15107
1103	1109	1091	1065	15164
1103	1109	1092	1065	15172
1103	1109	1092	1065	15229
1101	1107	1090	1063	15236
1103	1109	1092	1065	15291
1103	1108	1091	1065	15342
1103	1108	1091	1064	15401
1103	1109	1091	1065	15464
1104	1109	1091	1065	15469
1102	1108	1090	1064	15527
1103	1109	1091	1065	15534
1103	1109	1091	1065	15591
1103	1109	1091	1065	15597
1103	1109	1092	1065	15653
1102	1108	1090	1064	15710
1103	1108	1091	1064	15762
1102	1109	1091	1065	15764
1102	1109	1091	1064	15814
1103	1109	1091	1064	15820
1102	1108	1090	1064	15873
1103	1108	1091	1064	15928
1101	1107	1090	1063	15992
1103	1109	1092	1066	16000
1103	1109	1092	1065	16053
1103	1109	1091	1065	16109
1102	1109	1091	1064	16170
1102	1108	1090	1064	16224
1103	1108	1091	1064	16273
1103	1108	1091	1064	16278
1102	1108	1091	1064	16338
1104	1110	1092	1066	16343
1103	1109	1091	1065	16401
1102	1108	1091	1064	16409
1102	1108	1090	1064	16461
1101	1107	1090	1063	16514
1102	1108	1091	1064	16565
1103	1109	1091	1065	16620
1104	1109	1092	1065	16675
1102	1108	1091	1064	16738
1104	1109	1092	1066	16746
1103	1108	1091	1064	16795
1104	1110	1093	1066	16854
1105	1110	1092	1066	16856
1102	1108	1091	1064	16860
1104	1110	1092	1065	16916
1103	1109	1091	1065	16920
1101	1108	1090	1064	16978
1104	1110	1092	1065	17042
1103	1109	1092	1065	17104
1103	1108	1091	1065	17109
1102	1108	1090	1063	17168
1102	1108	1090	1063	17251
1103	1109	1091	1064	17256
1103	1109	1092	1065	17312
1104	1110	1092	1065	17359
1103	1109	1091	1064	17362
1103	1108	1090	1064	17365
1103	1109	1091	1064	17367
1103	1109	1092	1064	17421
1103	1109	1091	1065	17483
1103	1109	1092	1064	17540
1104	1109	1092	1066	17594
1102	1107	1090	1063	17598
1103	1109	1091	1064	17600
1103	1109	1091	1065	17603
1102	1108	1090	1063	17660
1103	1109	1091	1064	17721
1102	1107	1090	1063	17725
1102	1108	1090	1063	17787
1102	1108	1090	1063	17854
1103	1109	1091	1065	17856
1103	1109	1091	1065	17917
1101	1107	1090	1062	17978
1103	1108	1091	1065	18040
1103	1109	1091	1064	18043
1102	1107	1090	1063	18100
1102	1108	1091	1064	18157
1103	1108	1091	1064	18219
1103	1108	1091	1064	18274
1103	1108	1091	1064	18280
1103	1108	1091	1064	18335
1102	1107	1090	1064	18400
1103	1108	1091	1064	18464
1102	1107	1090	1064	18521
1103	1108	1091	1064	18576
1103	1108	1091	1064	18634
1102	1108	1091	1064	18712
1103	1109	1092	1065	18770
1102	1107	1091	1064	18776
1102	1107	1090	1064	18830
1102	1108	1090	1064	18883
1103	1109	1092	1066	18940
1103	1108	1091	1065	18999
1102	1108	1091	1064	19063
1103	1109	1091	1065	19123
1102	1108	1091	1064	19179
1102	1108	1091	1064	19228
1103	1108	1092	1065	19234
1103	1108	1091	1064	19292
1103	1109	1091	1065	19297
1102	1107	1090	1064	19356
1103	1108	1091	1065	19421
1102	1108	1090	1064	19480
1102	1108	1090	1064	19536
1103	1108	1091	1064	19598
1104	1109	1092	1065	19660
1103	1109	1092	1065	19711
1104	1109	1092	1065	19772
1103	1109	1090	1065	19777
1102	1108	1090	1064	19837
1102	1109	1091	1064	19844
1103	1109	1091	1065	19901
1102	1107	1090	1064	19956
1103	1109	1091	1065	20014
1102	1107	1090	1063	20019
1103	1109	1091	1064	20084
1103	1109	1092	1065	20136
1103	1108	1091	1064	20145
1102	1108	1091	1064	20197
1103	1108	1090	1064	20253
1103	1109	1092	1066	20257
1104	1110	1093	1066	20318
1101	1107	1090	1064	20384
1102	1108	1091	1064	20448
1101	1107	1090	1064	20510
1102	1108	1090	1064	20513
1103	1109	1091	1065	20518
1102	1108	1090	1063	20575
1102	1109	1091	1064	20578
1102	1107	1090	1064	20639
1103	1108	1091	1065	20704
1103	1109	1091	1064	20708
1103	1108	1091	1064	20712
1103	1108	1091	1065	20772
1104	1109	1092	1066	20824
1103	1109	1091	1065	20885
1102	1108	1091	1064	20893
1102	1108	1091	1063	20941
1101	1107	1089	1063	21002
1102	1108	1090	1064	21069
1102	1109	1092	1065	21073
1102	1107	1091	1064	21136
1103	1109	1092	1064	21140
1103	1109	1091	1064	21194
1103	1108	1091	1065	21257
1102	1107	1090	1064	21323
1102	1108	1091	1064	21374
1103	1108	1090	1064	21427
1102	1108	1090	1063	21431
1102	1108	1091	1064	21489
1103	1108	1091	1065	21554
1102	1107	1091	1064	21560
1102	1108	1091	1064	21616
1102	1107	1090	1064	21678
1103	1108	1091	1065	21681
1103	1109	1091	1065	21732
1103	1109	1092	1065	21796
1103	1108	1091	1065	21859
1102	1107	1090	1063	21918
1101	1107	1090	1063	21925
1102	1107	1090	1064	21986
1104	1109	1092	1066	22052
1104	1109	1092	1066	22104
1102	1108	1091	1064	22159
1102	1107	1090	1064	22161
1101	1107	1090	1063	22255
1103	1108	1091	1064	22304
1103	1108	1091	1065	22359
1103	1109	1091	1065	22420
1103	1108	1091	1065	22478
1103	1108	1091	1065	22537
1102	1107	1090	1063	22599
1103	1109	1091	1065	22665
1103	1109	1091	1065	22721
1103	1108	1091	1064	22778
1102	1108	1091	1064	22781
1103	1109	1091	1065	22844
1103	1109	1091	1064	22851
1102	1109	1090	1064	22907
1103	1108	1091	1064	22910
1104	1109	1092	1065	22970
1103	1109	1091	1065	23027
1102	1108	1091	1064	23031
1103	1109	1091	1065	23090
1103	1108	1091	1065	23093
1103	1108	1091	1064	23097
1102	1108	1091	1063	23099
1104	1109	1091	1065	23152
1102	1108	1091	1064	23210
1103	1108	1091	1065	23216
1102	1108	1090	1064	23278
1103	1108	1091	1064	23334
1102	1108	1091	1063	23339
1103	1109	1092	1065	23395
1104	1109	1092	1065	23460
1103	1109	1091	1064	23467
1104	1109	1092	1065	23524
1102	1108	1091	1064	23579
1103	1109	1092	1065	23633
1103	1109	1092	1065	23690
1102	1107	1090	1063	23698
1102	1107	1090	1064	23752
1102	1108	1091	1064	23757
1102	1109	1091	1065	23821
1102	1108	1091	1064	23882
1102	1108	1091	1063	23887
1103	1108	1090	1064	23943
1102	1108	1091	1064	23947
1104	1109	1091	1066	23951
1102	1108	1090	1063	24007
1104	1109	1092	1065	24069
1103	1109	1092	1065	24130
1102	1108	1091	1064	24188
1103	1109	1091	1065	24249
1103	1110	1093	1065	24255
1103	1109	1092	1064	24307
1103	1108	1091	1065	24369
1102	1108	1090	1064	24436
1102	1108	1091	1064	24499
1104	1109	1092	1066	24583
1103	1108	1091	1064	24641
1103	1109	1091	1065	24694
1102	1108	1090	1063	24746
1102	1109	1092	1065	24753
1101	1106	1089	1063	24807
1103	1109	1092	1065	24814
1102	1107	1091	1064	24869
1103	1108	1091	1064	24930
1102	1108	1090	1064	24932
1103	1108	1091	1065	24985
1102	1108	1091	1064	25050
1102	1107	1090	1064	25108
1103	1109	1091	1065	25117
1103	1109	1092	1065	25185
1103	1109	1091	1064	25255
1102	1108	1090	1064	25307
1103	1108	1090	1064	25367
1103	1109	1091	1065	25375
1102	1108	1090	1064	25438
1102	1109	1091	1064	25442
1102	1108	1090	1064	25443
1103	1109	1092	1065	25503
1102	1108	1090	1064	25554
1103	1109	1091	1065	25606
1102	1109	1091	1065	25668
1101	1107	1089	1063	25728
1102	1108	1090	1064	25789
1103	1109	1091	1065	25848
1103	1109	1092	1065	25852
1102	1107	1090	1063	25908
1102	1108	1091	1064	25971
1102	1108	1090	1063	25973
1102	1108	1090	1064	26024
1102	1108	1090	1064	26087
1102	1107	1090	1064	26094
1102	1108	1091	1064	26154
1102	1109	1091	1065	26217
1102	1108	1090	1064	26282
1103	1108	1091	1065	26335
1103	1109	1092	1065	26385
1103	1108	1091	1064	26450
1103	1108	1091	1065	26507
1103	1108	1091	1064	26515
1102	1108	1090	1064	26573
1103	1109	1091	1064	26635
1103	1108	1091	1064	26684
1102	1108	1091	1064	26754
1102	1109	1091	1064	26811
1101	1107	1090	1063	26820
1103	1108	1091	1064	26871
1103	1109	1091	1065	26932
1103	1109	1091	1065	26997
1102	1108	1091	1064	27048
1102	1108	1090	1064	27111
1103	1109	1092	1065	27172
1102	1107	1091	1064	27228
1103	1109	1091	1065	27292
1104	1110	1093	1067	27346
1103	1108	1091	1064	27416
1103	1108	1090	1064	27470
1103	1108	1091	1064	27473
1102	1108	1090	1064	27526
1102	1108	1091	1064	27583
1102	1108	1090	1064	27642
1103	1109	1092	1065	27708
1103	1109	1091	1065	27772
1103	1109	1090	1065	27834
1102	1109	1091	1064	27839
1102	1108	1091	1064	27898
1103	1109	1091	1065	27962
1102	1108	1091	1064	28017
1103	1108	1090	1064	28080
1103	1109	1091	1065	28132
1102	1108	1091	1063	28192
1102	1107	1090	1064	28254
1104	1110	1092	1065	28304
1103	1109	1091	1064	28375
1103	1109	1091	1065	28422
1103	1109	1091	1065	28425
1103	1109	1091	1064	28481
1103	1109	1091	1065	28491
1102	1108	1091	1063	28547
1103	1110	1092	1065	28555
1102	1109	1090	1063	28607
1102	1108	1091	1064	28669
1102	1109	1091	1064	28673
1103	1109	1091	1064	28731
1104	1109	1092	1064	28779
1104	1110	1092	1065	28837
1101	1108	1090	1064	28898
1104	1110	1092	1065	28959
1103	1109	1091	1065	28965
1102	1107	1090	1063	29020
1104	1109	1092	1065	29081
1102	1109	1091	1064	29135
1104	1109	1091	1065	29184
1103	1110	1091	1064	29191
1102	1108	1090	1063	29245
1104	1110	1092	1065	29312
1103	1109	1091	1065	29373
1102	1108	1090	1063	29377
1102	1108	1090	1063	29382
1103	1109	1091	1064	29443
1101	1107	1090	1063	29514
1102	1108	1090	1064	29568
1102	1108	1090	1063	29629
1102	1108	1091	1064	29636
1104	1109	1091	1065	29688
1102	1108	1091	1064	29746
1103	1109	1092	1065	29751
1101	1108	1090	1063	29810
1104	1109	1092	1066	29868
1104	1109	1092	1065	29878
1103	1109	1091	1064	29932
1103	1108	1091	1064	29983
1102	1107	1090	1063	30044
1103	1108	1091	1064	30105
1103	1109	1092	1065	30163
1104	1109	1092	1065	30166
1102	1108	1091	1064	30170
1103	1109	1092	1065	30217
1104	1109	1092	1066	30287
1103	1108	1091	1065	30350
1103	1109	1091	1065	30402
1103	1108	1091	1065	30463
1103	1108	1091	1065	30525
1103	1109	1091	1065	30533
1102	1108	1090	1063	30590
1103	1109	1091	1065	30642
1103	1108	1090	1064	30693
1102	1108	1090	1064	30696
1103	1109	1092	1065	30755
1101	1107	1090	1063	30759
1103	1109	1092	1065	30821
1103	1109	1091	1065	30877
1102	1108	1091	1064	30938
1103	1108	1091	1065	31001
1103	1108	1092	1064	31006
1101	1107	1089	1063	31064
1103	1109	1091	1065	31114
1104	1109	1091	1065	31164
1104	1108	1091	1064	31170
1102	1107	1090	1064	31227
1103	1109	1091	1065	31231
1102	1108	1091	1064	31294
1103	1109	1092	1065	31301
1103	1109	1092	1065	31346
1103	1109	1092	1065	31408
1104	1109	1092	1065	31411
1104	1109	1092	1066	31472
1104	1109	1092	1066	31474
1101	1108	1090	1064	31534
1103	1109	1092	1065	31603
1103	1109	1091	1065	31661
1102	1107	1089	1063	31715
1102	1107	1091	1064	31723
1103	1108	1091	1065	31783
1104	1110	1093	1066	31843
1103	1108	1091	1065	31850
1102	1108	1090	1064	31907
1102	1108	1090	1064	31914
1103	1108	1091	1065	31970
1103	1109	1091	1065	31978
1103	1108	1091	1064	32028
1103	1109	1092	1065	32031
1102	1108	1090	1064	32092
1102	1108	1090	1064	32152
1102	1108	1091	1064	32217
1103	1109	1091	1065	32281
1102	1108	1091	1065	32339
1103	1108	1091	1064	32399
1104	1110	1092	1066	32449
1102	1108	1091	1064	32509
1103	1108	1091	1065	32570
1103	1108	1091	1064	32626
1102	1108	1090	1064	32690
1103	1108	1091	1064	32744
1104	1109	1092	1065	32800
1102	1108	1090	1064	32854
1103	1109	1091	1065	32913
1102	1108	1091	1064	32920
1103	1109	1091	1065	32980
1102	1107	1089	1063	33043
1102	1108	1091	1065	33104
1103	1109	1091	1065	33165
1101	1107	1090	1063	33226
1103	1108	1091	1065	33284
1101	1107	1090	1063	33289
1103	1108	1091	1064	33367
1102	1108	1090	1064	33422
1109	1115	1097	1071	33489
1102	1108	1090	1064	33548
1104	1109	1092	1065	33613
1102	1108	1090	1064	33673
1103	1109	1092	1065	33724
1103	1108	1091	1064	33785
1103	1109	1091	1065	33907
1102	1108	1090	1064	33965
1103	1109	1092	1065	33967
1103	1108	1091	1065	34029
1103	1109	1091	1065	34093
1103	1109	1092	1065	34100
1103	1109	1091	1064	34160
1103	1110	1092	1065	34212
1102	1107	1090	1063	34219
1103	1109	1091	1065	34274
1102	1108	1091	1064	34335
1102	1108	1090	1064	34402
1104	1109	1092	1065	34446
1104	1109	1091	1065	34496
1104	1110	1092	1066	34544
1102	1108	1091	1064	34553
1104	1110	1092	1066	34611
1103	1108	1091	1064	34617
1103	1109	1091	1065	34676
1102	1107	1090	1064	34747
1103	1109	1092	1065	34814
1103	1108	1091	1064	34878
1103	1108	1090	1064	34936
1102	1107	1091	1064	34998
1103	1108	1091	1064	35000
1102	1108	1091	1064	35057
1104	1109	1092	1065	35120
1102	1108	1091	1063	35172
1102	1108	1091	1063	35175
1102	1107	1090	1063	35238
1102	1107	1090	1063	35302
1104	1110	1093	1066	35306
1103	1109	1092	1065	35363
1103	1108	1091	1064	35415
1102	1107	1090	1063	35466
1103	1109	1091	1065	35469
1103	1109	1092	1065	35472
1103	1109	1092	1065	35531
1103	1108	1091	1065	35536
1103	1109	1091	1065	35595
1101	1107	1090	1063	35597
1103	1109	1091	1065	35657
1103	1109	1091	1064	35722
1103	1110	1092	1065	35783
1103	1108	1091	1064	35785
1103	1109	1091	1065	35838
1104	1110	1092	1066	35903
1104	1110	1092	1065	35907
1103	1108	1091	1065	35963
1103	1109	1091	1065	35971
1103	1109	1091	1065	36023
1105	1110	1092	1067	36026
1103	1108	1091	1064	36079
1104	1109	1091	1065	36083
1103	1108	1091	1065	36145
1103	1108	1091	1065	36209
1103	1109	1091	1064	36274
1104	1110	1092	1066	36327
1102	1108	1090	1064	36330
1103	1109	1091	1065	36396
1102	1108	1090	1064	36398
1102	1108	1091	1064	36459
1102	1108	1090	1064	36514
1102	1108	1091	1064	36577
1102	1108	1091	1064	36643
1102	1108	1090	1064	36646
1103	1109	1092	1065	36706
1102	1108	1091	1065	36710
1102	1108	1091	1064	36767
1103	1109	1091	1065	36830
1102	1108	1091	1065	36892
1103	1108	1090	1065	36900
1104	1109	1092	1065	36954
1103	1108	1091	1065	36963
1103	1109	1091	1064	37013
1103	1109	1091	1064	37072
1103	1108	1091	1064	37144
1102	1108	1090	1064	37194
1102	1108	1091	1064	37201
1104	1110	1092	1066	37261
1102	1108	1090	1064	37322
1102	1108	1091	1064	37326
1101	1107	1089	1063	37387
1103	1108	1091	1064	37452
1103	1108	1091	1065	37461
1103	1109	1091	1065	37513
1102	1109	1091	1064	37571
1103	1108	1091	1065	37629
1102	1108	1090	1064	37696
1104	1109	1092	1066	37764
1103	1108	1092	1065	37811
1103	1109	1092	1065	37815
1103	1109	1091	1064	37874
1102	1109	1091	1064	37877
1104	1109	1092	1065	37939
1104	1109	1092	1065	38048
1102	1108	1091	1064	38097
1102	1107	1090	1063	38103
1102	1108	1091	1064	38161
1102	1108	1090	1064	38213
1103	1109	1091	1065	38269
1103	1108	1091	1065	38325
1102	1108	1091	1064	38390
1105	1111	1093	1066	38451
1103	1108	1091	1064	38504
1104	1109	1092	1065	38570
1104	1109	1091	1065	38578
1103	1109	1091	1065	38635
1103	1109	1091	1065	38685
1104	1110	1093	1066	38735
1101	1108	1091	1064	38798
1103	1108	1091	1065	38804
1103	1109	1091	1066	38863
1103	1109	1091	1065	38867
1104	1110	1092	1066	38929
1104	1109	1092	1065	38989
1103	1108	1091	1065	39051
1103	1108	1091	1065	39058
1102	1109	1091	1064	39107
1103	1109	1092	1065	39164
1102	1108	1091	1064	39225
1103	1109	1091	1065	39289
1103	1108	1091	1064	39349
1102	1108	1091	1064	39353
1104	1109	1092	1065	39403
1103	1109	1091	1065	39459
1103	1109	1091	1065	39524
1102	1108	1091	1064	39527
1103	1108	1090	1064	39531
1104	1110	1092	1066	39590
1103	1108	1091	1064	39596
1102	1108	1090	1064	39653
1102	1108	1090	1063	39708
1103	1109	1091	1065	39768
1103	1109	1091	1065	39777
1102	1108	1090	1065	39829
1103	1109	1092	1065	39836
1102	1109	1091	1064	39896
1103	1109	1091	1064	39899
1103	1109	1091	1065	39963
1103	1108	1091	1065	39967
1103	1109	1091	1065	40027
1102	1108	1091	1064	40089
1105	1111	1093	1067	40098
1104	1110	1092	1066	40155
1103	1109	1091	1064	40161
1105	1110	1091	1065	40220
1103	1108	1091	1065	40229
1104	1109	1091	1065	40285
1103	1109	1091	1064	40289
1103	1109	1091	1064	40294
1104	1110	1092	1065	40352
1103	1108	1091	1064	40414
1104	1110	1092	1065	40478
1104	1110	1092	1065	40483
1104	1110	1092	1065	40542
1104	1110	1092	1066	40600
1103	1108	1091	1064	40653
1103	1109	1092	1065	40709
1102	1108	1091	1064	40766
1102	1108	1090	1064	40832
1104	1109	1092	1065	40842
1102	1108	1091	1064	40893
1102	1108	1091	1064	40937
1103	1109	1091	1065	41003
1103	1109	1091	1064	41008
1102	1107	1090	1063	41065
1103	1108	1091	1064	41128
1103	1108	1091	1064	41193
1105	1111	1093	1066	41257
1103	1110	1092	1065	41319
1103	1108	1091	1065	41381
1102	1107	1091	1063	41449
1103	1108	1091	1064	41506
1102	1108	1091	1064	41568
1104	1110	1092	1066	41632
1104	1109	1092	1066	41697
1104	1109	1092	1066	41786
1102	1108	1090	1064	41835
1103	1109	1092	1065	41887
1102	1108	1091	1065	41950
1103	1109	1091	1065	41954
1102	1108	1091	1065	41957
1103	1109	1091	1065	42017
1104	1110	1093	1066	42126
1102	1108	1091	1064	42178
1102	1107	1090	1064	42184
1102	1108	1090	1064	42187
1103	1109	1091	1065	42246
1102	1108	1090	1064	42303
1104	1110	1093	1066	42359
1103	1108	1092	1065	42362
1103	1109	1091	1065	42424
1102	1108	1090	1064	42432
1103	1108	1091	1065	42489
1103	1108	1091	1064	42493
1102	1108	1090	1064	42547
1103	1108	1091	1065	42607
1102	1107	1090	1064	42672
1102	1108	1090	1064	42744
1103	1110	1093	1066	42746
1103	1109	1091	1065	42806
1103	1109	1092	1065	42810
1103	1108	1091	1065	42873
1103	1109	1092	1066	42926
1103	1108	1091	1065	42994
1103	1108	1091	1064	43049
1102	1108	1091	1064	43111
1102	1108	1091	1064	43113
1103	1109	1091	1065	43167
1103	1109	1092	1065	43174
1102	1109	1090	1064	43232
1103	1108	1091	1064	43287
1103	1109	1092	1066	43349
1102	1108	1091	1064	43408
1103	1109	1091	1065	43472
1103	1109	1091	1065	43531
1103	1108	1091	1064	43584
1102	1108	1090	1063	43652
1103	1109	1092	1065	43713
1102	1107	1090	1063	43773
1102	1107	1090	1064	43837
1103	1109	1092	1065	43900
1103	1108	1091	1065	43906
1103	1109	1092	1065	43958
1103	1108	1091	1065	43964
1103	1109	1091	1065	44008
1103	1109	1091	1065	44080
1103	1108	1091	1065	44139
1102	1108	1091	1064	44206
1102	1107	1090	1063	44271
1103	1108	1091	1065	44327
1102	1107	1090	1064	44335
1104	1109	1092	1065	44392
1102	1108	1091	1065	44444
1102	1108	1091	1064	44493
1104	1109	1092	1065	44500
1103	1109	1091	1065	44564
1102	1107	1090	1063	44628
1103	1107	1091	1065	44696
1103	1109	1092	1065	44748
1103	1108	1091	1065	44756
1102	1108	1091	1064	44809
1102	1109	1091	1065	44870
1103	1110	1092	1066	44878
1103	1109	1092	1065	44942
1102	1108	1090	1064	44947
1102	1107	1090	1064	45012
1103	1108	1091	1065	45072
1103	1109	1092	1065	45123
1102	1108	1091	1064	45174
1103	1107	1091	1063	45227
1103	1109	1091	1064	45232
1102	1107	1090	1063	45283
1101	1107	1090	1063	45335
1103	1108	1091	1065	45340
1102	1108	1091	1064	45399
1103	1108	1091	1065	45459
1102	1109	1091	1065	45518
1102	1108	1090	1064	45582
1103	1109	1092	1065	45638
1102	1108	1090	1064	45700
1103	1109	1092	1065	45762
1103	1109	1091	1065	45823
1102	1108	1090	1064	45868
1102	1108	1091	1063	45871
1102	1107	1091	1063	45930
1105	1110	1093	1066	45994
1103	1109	1091	1065	46051
1102	1108	1090	1064	46102
1103	1108	1091	1064	46104
1103	1108	1091	1064	46166
1104	1109	1092	1066	46219
1102	1108	1090	1064	46284
1102	1108	1091	1064	46349
1103	1108	1091	1065	46409
1103	1108	1091	1065	46471
1104	1110	1093	1067	46527
1103	1109	1092	1066	46530
1104	1109	1092	1065	46591
1103	1109	1091	1064	46653
1103	1109	1091	1065	46703
1104	1109	1092	1065	46757
1103	1109	1092	1065	46766
1103	1109	1091	1064	46824
1102	1108	1091	1064	46830
1102	1107	1090	1063	46891
1102	1108	1091	1064	46895
1101	1108	1090	1063	46899
1103	1109	1092	1065	46954
1103	1109	1091	1065	47004
1102	1108	1091	1064	47054
1103	1108	1091	1064	47063
1103	1109	1092	1065	47115
1104	1110	1092	1065	47161
1103	1108	1091	1064	47225
1102	1108	1091	1064	47289
1103	1109	1091	1064	47297
1103	1109	1091	1065	47351
1103	1109	1091	1064	47354
1104	1109	1092	1065	47416
1103	1109	1091	1064	47481
1102	1108	1091	1064	47540
1104	1109	1091	1065	47543
1102	1108	1091	1064	47592
1104	1109	1092	1066	47651
1102	1108	1090	1064	47708
1102	1108	1091	1065	47712
1104	1109	1092	1066	47769
1102	1108	1090	1064	47772
1102	1108	1091	1064	47831
1104	1110	1092	1066	47887
1103	1109	1092	1065	47950
1103	1109	1091	1065	47999
1102	1107	1090	1064	48057
1102	1108	1090	1064	48117
1104	1109	1092	1065	48122
1102	1108	1090	1064	48183
1102	1108	1091	1064	48235
1104	1109	1092	1065	48347
1103	1109	1092	1066	48395
1104	1110	1092	1066	48399
1104	1109	1092	1066	48457
1102	1108	1091	1064	48509
1102	1108	1091	1064	48515
1103	1109	1091	1065	48517
1104	1110	1092	1065	48576
1103	1108	1091	1065	48641
1103	1108	1092	1064	48697
1102	1108	1091	1064	48753
1103	1109	1091	1065	48762
1102	1109	1091	1065	48819
1102	1108	1090	1063	48828
1103	1110	1092	1065	48885
1103	1108	1092	1065	48948
1103	1109	1092	1065	49008
1102	1108	1091	1065	49012
1102	1108	1091	1064	49071
1102	1108	1091	1065	49132
1103	1109	1092	1065	49187
1103	1108	1091	1064	49237
1102	1107	1090	1063	49240
1103	1108	1091	1064	49246
1103	1108	1091	1064	49285
1102	1107	1090	1064	49350
1102	1108	1091	1064	49406
1103	1109	1091	1064	49474
1102	1108	1091	1064	49476
1103	1108	1091	1065	49532
1104	1109	1092	1066	49585
1104	1110	1092	1066	49589
1102	1108	1090	1064	49646
1103	1108	1091	1065	49706
1103	1108	1090	1064	49769
1101	1107	1090	1063	49778
1102	1108	1091	1064	49823
1103	1108	1091	1065	49881
1102	1109	1091	1065	49884
1103	1109	1092	1065	49945
1104	1109	1091	1065	49953
1103	1109	1091	1064	50014
1102	1108	1091	1064	50077
1104	1109	1092	1066	50084
1104	1109	1091	1066	50140
1102	1109	1091	1064	50195
1103	1109	1091	1065	50244
1103	1109	1091	1065	50251
1104	1110	1092	1066	50306
1103	1109	1092	1066	50313
1103	1109	1091	1065	50368
1102	1107	1090	1063	50457
1103	1109	1091	1065	50515
1104	1109	1092	1066	50521
1102	1108	1090	1064	50580
1104	1109	1092	1065	50659
1102	1109	1091	1064	50669
1102	1107	1090	1063	50673
1103	1109	1091	1065	50729
1103	1109	1091	1065	50733
1102	1107	1089	1064	50828
1103	1109	1092	1065	50891
1103	1109	1091	1065	50897
1103	1109	1091	1065	50950
1104	1110	1092	1066	50957
1103	1109	1091	1065	51013
1102	1109	1091	1065	51019
1104	1110	1092	1065	51076
1105	1110	1092	1066	51126
1103	1109	1091	1065	51128
1102	1108	1091	1064	51186
1103	1109	1091	1065	51301
1102	1107	1090	1063	51348
1102	1109	1090	1064	51411
1102	1108	1090	1064	51465
1103	1109	1091	1065	51473
1103	1109	1091	1064	51525
1104	1109	1091	1065	51574
1103	1109	1091	1064	51635
1103	1109	1091	1065	51691
