1674	1686	1665	1628	168
1673	1685	1664	1627	6472
1674	1686	1664	1628	6476
1672	1684	1663	1627	6535
1674	1686	1666	1629	6589
1673	1685	1665	1628	6595
1674	1687	1665	1629	6648
1675	1687	1666	1630	6650
1673	1685	1664	1628	6711
1674	1686	1665	1629	6779
1674	1686	1665	1629	6834
1674	1686	1665	1628	6890
1674	1686	1665	1629	6949
1673	1685	1664	1627	6952
1673	1686	1665	1628	7016
1674	1685	1665	1629	7080
1674	1686	1665	1629	7086
1673	1685	1664	1627	7142
1674	1686	1665	1629	7198
1673	1685	1664	1628	7258
1674	1686	1665	1629	7263
1675	1688	1666	1630	7322
1673	1685	1664	1628	7384
1674	1686	1665	1628	7391
1676	1688	1667	1630	7441
1673	1685	1664	1628	7507
1673	1685	1664	1628	7516
1674	1687	1666	1629	7572
1673	1685	1664	1628	7631
1674	1686	1665	1629	7696
1674	1687	1666	1629	7700
1674	1686	1665	1629	7760
1674	1686	1665	1628	7768
1675	1686	1665	1629	7824
1673	1686	1664	1628	7875
1673	1685	1665	1628	7883
1673	1685	1664	1627	7937
1674	1686	1665	1629	8001
1673	1685	1664	1627	8064
1674	1686	1665	1629	8125
1673	1686	1665	1628	8198
1673	1686	1664	1627	8255
1674	1686	1664	1628	8260
1673	1686	1664	1628	8320
1673	1685	1664	1627	8376
1674	1686	1665	1628	8428
1672	1685	1664	1627	8492
1672	1685	1663	1627	8554
1674	1686	1665	1628	8612
1672	1684	1664	1627	8670
1673	1686	1664	1627	8727
1673	1685	1664	1628	8788
1674	1687	1664	1629	8849
1675	1687	1665	1629	8910
1674	1686	1665	1628	8974
1674	1686	1665	1628	8979
1675	1688	1665	1629	9039
1675	1686	1666	1629	9042
1673	1685	1664	1627	9045
1674	1685	1664	1627	9105
1673	1685	1665	1628	9109
1675	1687	1666	1629	9171
1674	1685	1665	1628	9173
1673	1685	1664	1627	9232
1673	1686	1664	1628	9291
1675	1687	1666	1630	9293
1674	1686	1665	1627	9351
1673	1685	1664	1627	9355
1675	1687	1666	1629	9417
1674	1686	1665	1629	9422
1672	1685	1663	1626	9424
1674	1686	1665	1628	9480
1673	1685	1665	1627	9488
1674	1686	1665	1628	9544
1674	1686	1665	1628	9551
1675	1687	1665	1629	9608
1674	1686	1665	1629	9673
1674	1686	1666	1628	9730
1674	1686	1665	1628	9732
1673	1686	1665	1627	9738
1675	1687	1666	1629	9796
1673	1685	1665	1628	9856
1674	1687	1666	1629	9921
1674	1686	1665	1628	9975
1676	1687	1667	1630	9978
1674	1686	1665	1628	9984
1675	1686	1665	1629	10039
1675	1686	1666	1629	10046
1674	1686	1665	1628	10094
1674	1686	1665	1628	10102
1673	1686	1665	1628	10161
1674	1686	1664	1627	10227
1675	1687	1666	1629	10230
1674	1686	1665	1629	10292
1674	1685	1665	1629	10350
1674	1686	1665	1628	10413
1676	1687	1667	1630	10462
1674	1685	1665	1629	10468
1675	1687	1665	1630	10528
1674	1686	1666	1629	10589
1674	1686	1665	1629	10595
1673	1686	1664	1629	10646
1674	1685	1665	1628	10652
1675	1687	1666	1629	10711
1675	1687	1666	1629	10769
1673	1685	1664	1628	10832
1673	1686	1665	1628	10886
1674	1686	1665	1629	10946
1674	1685	1665	1629	10948
1674	1686	1665	1629	11005
1675	1687	1666	1629	11067
1675	1687	1666	1629	11129
1674	1686	1665	1628	11136
1673	1684	1664	1627	11193
1673	1685	1665	1628	11240
1675	1686	1665	1629	11348
1673	1685	1664	1628	11405
1673	1685	1664	1628	11410
1675	1687	1666	1630	11469
1673	1686	1665	1629	11473
1675	1686	1665	1629	11533
1674	1686	1665	1629	11538
1675	1687	1666	1629	11600
1675	1687	1666	1630	11606
1675	1687	1666	1630	11651
1673	1685	1664	1628	11660
1674	1687	1665	1629	11723
1674	1686	1666	1629	11728
1674	1686	1665	1628	11782
1674	1686	1665	1628	11830
1674	1686	1665	1628	11896
1674	1686	1665	1629	11971
1673	1685	1664	1628	11977
1674	1686	1665	1628	12034
1675	1686	1665	1629	12092
1675	1687	1665	1629	12151
1675	1687	1666	1629	12203
1674	1686	1665	1629	12266
1674	1686	1666	1629	12327
1674	1686	1665	1628	12389
1674	1686	1664	1628	12451
1674	1686	1665	1629	12507
1674	1686	1665	1629	12509
1675	1687	1666	1630	12573
1673	1685	1664	1627	12707
1674	1687	1665	1629	12761
1674	1686	1665	1628	12823
1676	1688	1667	1630	12875
1674	1686	1665	1628	12928
1675	1687	1666	1629	12985
1673	1685	1665	1628	13047
1673	1685	1664	1628	13049
1673	1685	1664	1628	13111
1674	1686	1665	1629	13118
1672	1685	1664	1628	13173
1674	1686	1665	1629	13179
1674	1686	1665	1628	13235
1674	1686	1665	1629	13295
1674	1687	1666	1629	13346
1674	1687	1665	1629	13353
1674	1686	1665	1629	13410
1674	1686	1665	1628	13471
1674	1686	1665	1629	13533
1674	1687	1666	1629	13536
1675	1687	1666	1630	13538
1674	1686	1665	1628	13595
1675	1687	1666	1629	13651
1675	1686	1665	1629	13704
1672	1685	1664	1627	13760
1674	1686	1665	1629	13768
1673	1685	1664	1627	13822
1673	1685	1665	1628	13827
1673	1686	1665	1628	13885
1674	1687	1666	1629	13945
1675	1687	1665	1629	13952
1671	1684	1662	1626	14008
1673	1685	1664	1628	14072
1675	1687	1666	1630	14077
1675	1687	1666	1629	14134
1673	1686	1665	1628	14136
1674	1687	1665	1629	14194
1675	1687	1666	1629	14200
1674	1686	1665	1628	14260
1674	1685	1664	1628	14320
1674	1687	1665	1629	14326
1675	1687	1666	1629	14386
1674	1686	1665	1628	14480
1675	1687	1666	1629	14537
1674	1686	1665	1628	14593
1674	1686	1665	1628	14644
1674	1687	1666	1629	14649
1673	1685	1664	1628	14708
1674	1686	1665	1628	14774
1675	1687	1666	1629	14830
1675	1687	1665	1629	14884
1675	1687	1666	1629	14933
1674	1687	1666	1629	14940
1675	1687	1665	1628	14999
1674	1686	1665	1628	15062
1674	1687	1666	1629	15120
1674	1687	1666	1629	15182
1675	1687	1666	1630	15234
1674	1686	1665	1628	15298
1675	1687	1667	1630	15362
1675	1687	1666	1629	15413
1675	1687	1666	1629	15464
1674	1686	1665	1629	15472
1675	1687	1666	1629	15532
1675	1687	1665	1628	15584
1676	1688	1667	1630	15633
1674	1686	1665	1628	15639
1675	1687	1666	1630	15697
1673	1685	1665	1628	15699
1673	1686	1665	1628	15759
1674	1686	1665	1628	15763
1674	1686	1665	1628	15821
1675	1686	1666	1629	15885
1674	1687	1666	1629	15943
1674	1686	1665	1628	15994
1675	1687	1666	1630	16049
1673	1685	1664	1627	16110
1675	1688	1667	1629	16116
1674	1686	1665	1628	16175
1676	1688	1666	1630	16179
1676	1688	1666	1629	16241
1674	1686	1665	1629	16302
1674	1686	1665	1629	16309
1675	1687	1665	1629	16367
1675	1686	1666	1630	16375
1675	1687	1665	1629	16443
1675	1686	1665	1629	16493
1674	1686	1665	1629	16555
1674	1687	1665	1629	16618
1673	1686	1664	1628	16684
1676	1688	1667	1630	16735
1675	1687	1666	1629	16808
1674	1686	1666	1629	16810
1674	1686	1665	1629	16849
1674	1687	1665	1628	16856
1674	1686	1665	1628	16909
1675	1687	1666	1629	16972
1674	1686	1665	1629	17027
1674	1687	1666	1629	17088
1673	1686	1664	1628	17152
1674	1686	1665	1629	17207
1674	1686	1665	1629	17267
1674	1686	1665	1628	17331
1674	1686	1665	1628	17383
1675	1686	1666	1629	17450
1673	1685	1664	1628	17456
1674	1686	1665	1629	17510
1676	1688	1666	1630	17513
1674	1687	1665	1629	17517
1675	1687	1666	1629	17575
1675	1687	1666	1629	17625
1674	1687	1666	1628	17635
1674	1686	1665	1629	17689
1675	1687	1666	1629	17751
1674	1686	1665	1629	17801
1674	1686	1665	1628	17859
1673	1685	1664	1627	17921
1674	1685	1664	1628	17929
1673	1686	1665	1629	17982
1673	1685	1665	1628	18044
1673	1686	1664	1628	18106
1673	1684	1664	1627	18160
1676	1688	1666	1630	18163
1674	1686	1665	1628	18214
1674	1686	1666	1629	18269
1674	1685	1665	1629	18334
1674	1686	1665	1629	18393
1674	1685	1665	1629	18449
1673	1685	1664	1627	18458
1673	1685	1664	1628	18516
1673	1685	1664	1627	18586
1673	1685	1664	1628	18592
1674	1686	1665	1628	18648
1673	1685	1664	1628	18656
1674	1686	1665	1629	18705
1673	1685	1664	1627	18712
1673	1686	1665	1629	18767
1674	1687	1665	1629	18829
1674	1686	1665	1628	18889
1673	1685	1664	1628	18944
1674	1686	1665	1629	18997
1674	1686	1665	1630	19062
1673	1685	1664	1627	19065
1674	1687	1665	1628	19117
1675	1687	1665	1629	19182
1674	1687	1665	1628	19234
1673	1685	1665	1628	19287
1674	1685	1665	1628	19350
1674	1687	1665	1629	19408
1674	1687	1665	1629	19414
1673	1686	1664	1628	19475
1674	1687	1665	1628	19525
1675	1687	1665	1629	19587
1673	1686	1664	1628	19596
1673	1686	1665	1628	19649
1675	1686	1666	1629	19653
1673	1686	1664	1628	19707
1675	1687	1666	1630	19713
1674	1686	1665	1628	19772
1674	1686	1665	1628	19824
1673	1686	1664	1628	19829
1675	1687	1666	1629	19907
1674	1685	1664	1628	19910
1674	1686	1665	1628	19956
1674	1685	1664	1628	20017
1676	1687	1666	1629	20072
1674	1686	1665	1628	20137
1675	1687	1666	1629	20141
1674	1687	1665	1629	20145
1675	1687	1665	1629	20188
1674	1685	1665	1628	20193
1674	1687	1665	1629	20257
1675	1687	1666	1629	20315
1673	1685	1664	1628	20378
1674	1685	1665	1627	20443
1675	1687	1666	1629	20488
1673	1685	1665	1628	20494
1674	1686	1664	1628	20541
1673	1685	1664	1627	20599
1674	1685	1665	1628	20669
1673	1685	1664	1627	20728
1675	1687	1666	1630	20787
1674	1686	1665	1628	20846
1673	1684	1664	1627	20853
1675	1687	1665	1628	20910
1674	1686	1665	1629	20965
1673	1686	1665	1628	20972
1674	1686	1665	1628	21026
1675	1686	1666	1629	21029
1676	1688	1666	1630	21086
1672	1684	1663	1627	21136
1674	1684	1665	1628	21200
1674	1685	1665	1628	21278
1674	1686	1665	1628	21328
1674	1686	1665	1628	21390
1673	1685	1664	1627	21393
1675	1687	1665	1629	21449
1675	1687	1666	1629	21518
1674	1686	1665	1628	21618
1674	1686	1666	1628	21669
1674	1687	1665	1628	21675
1674	1687	1666	1628	21733
1675	1687	1666	1629	21790
1674	1686	1665	1629	21852
1675	1686	1666	1629	21855
1674	1686	1665	1628	21861
1673	1686	1664	1627	21918
1674	1686	1665	1629	21986
1674	1686	1665	1629	22055
1675	1686	1666	1629	22113
1674	1686	1665	1629	22119
1674	1686	1665	1628	22170
1675	1686	1666	1630	22232
1674	1686	1666	1628	22283
1673	1685	1664	1627	22287
1674	1686	1665	1629	22346
1674	1685	1665	1629	22351
1674	1686	1665	1629	22414
1672	1684	1663	1627	22420
1675	1688	1666	1630	22480
1674	1686	1665	1628	22537
1674	1686	1665	1629	22600
1674	1685	1665	1629	22663
1674	1685	1665	1628	22713
1673	1684	1664	1627	22718
1673	1685	1664	1628	22782
1674	1686	1665	1629	22877
1674	1687	1665	1629	22932
1673	1685	1664	1628	22993
1674	1686	1665	1629	23052
1674	1686	1666	1629	23116
1675	1687	1666	1629	23120
1674	1686	1665	1628	23183
1675	1687	1667	1630	23244
1674	1687	1666	1629	23301
1675	1687	1667	1630	23354
1674	1686	1665	1629	23411
1674	1687	1665	1629	23420
1674	1686	1665	1628	23471
1675	1686	1665	1629	23477
1674	1686	1665	1628	23528
1675	1686	1666	1630	23536
1674	1687	1666	1630	23590
1673	1686	1665	1628	23595
1674	1686	1665	1628	23649
1673	1685	1664	1628	23655
1674	1686	1666	1629	23706
1673	1685	1665	1628	23711
1673	1685	1664	1628	23763
1673	1686	1665	1628	23820
1674	1687	1665	1628	23821
1673	1685	1664	1627	23876
1674	1686	1665	1628	23883
1673	1686	1664	1628	23939
1675	1687	1666	1630	23992
1674	1687	1666	1630	24049
1673	1685	1664	1628	24099
1673	1685	1665	1629	24104
1674	1687	1666	1629	24156
1674	1686	1665	1628	24161
1674	1686	1665	1629	24232
1674	1685	1665	1628	24291
1676	1688	1667	1631	24347
1674	1686	1665	1628	24400
1674	1685	1665	1628	24462
1674	1686	1666	1629	24523
1674	1686	1665	1629	24528
1675	1687	1666	1629	24588
1673	1684	1664	1628	24590
1673	1685	1664	1628	24650
1673	1685	1664	1628	24707
1673	1685	1664	1628	24759
1674	1687	1665	1629	24764
1674	1686	1665	1629	24822
1675	1687	1666	1629	24878
1675	1688	1666	1630	24940
1674	1685	1665	1628	24948
1674	1687	1666	1629	25002
1674	1686	1665	1629	25058
1674	1686	1665	1629	25066
1675	1687	1666	1629	25124
1674	1685	1665	1628	25182
1675	1687	1667	1630	25246
1676	1688	1666	1630	25294
1674	1686	1665	1628	25350
1674	1686	1665	1628	25420
1674	1686	1665	1628	25422
1674	1686	1665	1629	25480
1674	1686	1665	1628	25542
1674	1687	1665	1628	25598
1674	1687	1665	1629	25659
1675	1687	1666	1629	25719
1675	1687	1665	1629	25724
1676	1688	1667	1629	25781
1673	1686	1665	1628	25789
1675	1688	1666	1629	25845
1675	1686	1665	1629	25903
1674	1685	1664	1628	25955
1674	1687	1665	1628	25959
1674	1686	1665	1628	26016
1674	1687	1666	1628	26023
1674	1686	1665	1629	26076
1674	1686	1665	1628	26139
1673	1685	1664	1627	26147
1674	1686	1665	1627	26203
1674	1687	1666	1629	26207
1673	1686	1664	1628	26262
1674	1686	1665	1629	26267
1674	1686	1665	1628	26327
1675	1687	1666	1630	26394
1675	1687	1665	1629	26454
1675	1687	1667	1630	26458
1675	1687	1666	1629	26519
1674	1686	1664	1627	26590
1674	1686	1665	1628	26653
1673	1685	1664	1626	26704
1674	1687	1666	1629	26759
1675	1687	1666	1630	26764
1674	1686	1665	1628	26824
1674	1686	1665	1628	26881
1673	1685	1664	1627	26890
1675	1688	1666	1630	26945
1675	1686	1666	1629	26953
1675	1686	1666	1629	27007
1675	1687	1666	1629	27013
1675	1686	1666	1629	27074
1674	1686	1665	1628	27143
1675	1687	1666	1629	27187
1673	1685	1665	1627	27258
1674	1686	1666	1628	27318
1674	1686	1665	1629	27383
1674	1686	1665	1629	27433
1675	1688	1666	1630	27494
1674	1686	1665	1629	27557
1674	1686	1665	1628	27625
1674	1686	1665	1628	27689
1675	1686	1665	1629	27751
1675	1686	1666	1630	27809
1675	1687	1666	1630	27872
1674	1687	1665	1629	27928
1675	1686	1665	1629	27994
1674	1687	1665	1629	28057
1674	1686	1665	1629	28122
1674	1687	1665	1628	28128
1674	1686	1665	1629	28183
1675	1687	1666	1629	28233
1675	1686	1665	1629	28236
1674	1687	1665	1629	28240
1674	1687	1665	1629	28296
1674	1686	1666	1629	28298
1675	1686	1665	1629	28359
1674	1686	1665	1628	28443
1675	1687	1666	1630	28445
1675	1687	1666	1630	28447
1674	1686	1665	1629	28496
1674	1686	1665	1628	28559
1675	1687	1666	1629	28622
1675	1687	1667	1630	28704
1675	1686	1665	1629	28755
1673	1686	1665	1628	28808
1673	1686	1665	1628	28872
1675	1686	1666	1629	28928
1673	1686	1664	1628	28933
1674	1686	1665	1628	28990
1674	1686	1665	1629	29045
1674	1686	1665	1628	29094
1674	1686	1664	1628	29181
1672	1684	1663	1627	29230
1673	1686	1665	1628	29232
1674	1686	1665	1629	29292
1674	1686	1665	1629	29299
1674	1687	1665	1629	29353
1673	1685	1664	1627	29404
1673	1685	1664	1628	29459
1674	1686	1666	1629	29465
1673	1686	1665	1628	29523
1672	1684	1663	1627	29574
1673	1686	1664	1628	29626
1674	1686	1665	1628	29632
1673	1686	1664	1628	29690
1675	1687	1666	1629	29751
1675	1686	1666	1630	29806
1673	1686	1665	1628	29868
1674	1685	1664	1628	29929
1673	1684	1664	1627	29934
1674	1686	1665	1628	29993
1673	1685	1664	1628	30042
1674	1687	1665	1628	30102
1674	1685	1665	1629	30157
1674	1685	1665	1628	30208
1673	1684	1664	1627	30212
1674	1686	1665	1628	30272
1673	1686	1664	1628	30277
1673	1685	1664	1628	30330
1672	1684	1664	1627	30393
1674	1686	1666	1629	30491
1674	1685	1664	1628	30537
1672	1684	1663	1627	30599
1673	1685	1665	1628	30664
1673	1685	1664	1628	30723
1672	1684	1663	1626	30728
1674	1687	1665	1629	30785
1674	1687	1665	1628	30838
1674	1686	1664	1627	30901
1673	1686	1665	1628	30953
1675	1687	1666	1629	30961
1672	1685	1663	1627	31015
1674	1687	1666	1629	31079
1674	1687	1665	1629	31143
1674	1686	1665	1628	31206
1674	1687	1665	1629	31264
1676	1688	1666	1630	31315
1676	1687	1666	1629	31376
1674	1685	1664	1627	31432
1673	1685	1664	1628	31494
1676	1688	1666	1630	31554
1675	1686	1665	1629	31617
1674	1687	1665	1629	31678
1673	1685	1664	1627	31739
1674	1686	1665	1628	31744
1674	1686	1664	1628	31803
1673	1685	1664	1627	31806
1673	1685	1664	1627	31867
1674	1686	1665	1628	31927
1674	1685	1665	1628	31980
1675	1686	1666	1629	31989
1674	1686	1665	1628	32034
1674	1686	1666	1629	32095
1674	1686	1665	1628	32157
1674	1686	1665	1628	32232
1674	1686	1665	1628	32283
1675	1687	1666	1630	32290
1675	1687	1666	1629	32327
1673	1685	1664	1627	32387
1675	1687	1666	1629	32391
1674	1686	1665	1628	32448
1675	1687	1666	1629	32450
1673	1685	1665	1627	32515
1674	1686	1665	1628	32580
1674	1686	1665	1628	32582
1673	1685	1664	1628	32645
1674	1685	1665	1628	32712
1673	1685	1665	1627	32764
1673	1686	1664	1628	32771
1673	1685	1664	1627	32825
1673	1685	1664	1627	32887
1673	1685	1664	1627	32949
1674	1686	1666	1628	32955
1673	1685	1664	1628	33013
1674	1686	1666	1628	33070
1673	1685	1664	1627	33125
1674	1685	1664	1628	33129
1673	1685	1664	1628	33193
1675	1687	1666	1629	33322
1675	1687	1666	1629	33326
1674	1686	1665	1628	33368
1673	1684	1664	1628	33370
1674	1685	1665	1628	33432
1675	1687	1666	1630	33492
1675	1687	1665	1629	33553
1676	1688	1667	1630	33610
1674	1686	1665	1629	33619
1674	1686	1665	1629	33671
1673	1686	1665	1629	33734
1674	1687	1665	1629	33737
1673	1685	1664	1627	33798
1673	1685	1664	1627	33801
1673	1685	1664	1627	33805
1676	1688	1666	1630	33863
1672	1685	1664	1628	33924
1674	1686	1665	1628	33973
1674	1686	1665	1629	34031
1675	1686	1666	1629	34093
1675	1686	1666	1629	34145
1673	1685	1665	1628	34208
1675	1687	1665	1629	34269
1674	1687	1666	1630	34331
1674	1686	1665	1628	34385
1672	1685	1663	1628	34435
1674	1686	1665	1629	34489
1676	1688	1666	1630	34497
1674	1686	1665	1628	34548
1674	1686	1665	1629	34556
1673	1686	1665	1628	34608
1674	1686	1665	1629	34670
1674	1686	1665	1628	34726
1674	1685	1665	1628	34730
1673	1685	1664	1628	34788
1674	1686	1666	1629	34856
1675	1686	1666	1629	34920
1675	1687	1666	1629	34976
1674	1687	1666	1629	35033
1673	1685	1665	1628	35038
1674	1687	1665	1629	35095
1674	1686	1665	1628	35154
1675	1687	1667	1629	35208
1673	1685	1664	1628	35210
1674	1686	1665	1629	35269
1674	1687	1665	1629	35332
1674	1686	1665	1629	35393
1673	1685	1664	1628	35400
1673	1685	1664	1628	35455
1675	1687	1666	1629	35458
1675	1687	1666	1629	35521
1673	1685	1665	1628	35527
1675	1687	1666	1629	35584
1674	1686	1665	1629	35586
1674	1686	1665	1628	35642
1673	1686	1664	1628	35697
1674	1686	1665	1629	35763
1673	1684	1665	1627	35824
1674	1686	1666	1629	35868
1674	1686	1665	1629	35951
1674	1687	1665	1628	36039
1673	1685	1664	1628	36092
1674	1686	1664	1628	36145
1673	1685	1664	1628	36190
1674	1686	1665	1628	36192
1674	1686	1665	1628	36199
1674	1686	1664	1628	36256
1673	1686	1665	1628	36318
1673	1685	1664	1627	36321
1674	1686	1664	1628	36380
1675	1687	1666	1630	36437
1673	1685	1664	1628	36446
1675	1687	1666	1630	36502
1674	1686	1665	1629	36507
1674	1687	1665	1629	36565
1673	1686	1665	1628	36570
1675	1688	1666	1629	36631
1674	1687	1665	1629	36684
1674	1686	1665	1628	36740
1673	1686	1664	1627	36801
1676	1688	1667	1631	36861
1673	1687	1665	1628	36914
1674	1686	1665	1628	36973
1676	1687	1666	1630	37033
1675	1687	1665	1629	37039
1675	1687	1665	1629	37099
1674	1686	1665	1628	37101
1674	1687	1665	1629	37165
1674	1686	1665	1628	37213
1673	1685	1664	1628	37218
1674	1686	1664	1628	37273
1674	1686	1665	1628	37326
1674	1686	1664	1628	37332
1675	1687	1665	1629	37335
1676	1688	1666	1630	37389
1674	1686	1664	1628	37451
1673	1685	1665	1628	37507
1674	1686	1665	1629	37564
1675	1686	1665	1628	37568
1674	1687	1665	1629	37625
1674	1687	1665	1629	37687
1673	1685	1664	1627	37749
1673	1685	1665	1627	37758
1673	1685	1665	1628	37813
1676	1687	1666	1630	37821
1674	1685	1665	1628	37874
1675	1687	1666	1630	37938
1674	1686	1665	1628	37994
1673	1686	1664	1628	37998
1674	1686	1665	1628	38058
1674	1685	1664	1628	38120
1675	1687	1666	1629	38184
1675	1686	1666	1629	38249
1674	1687	1665	1628	38309
1673	1685	1664	1627	38359
1674	1686	1666	1629	38368
1673	1685	1664	1627	38426
1675	1686	1666	1629	38491
1674	1686	1665	1628	38547
1674	1686	1665	1628	38552
1674	1686	1665	1628	38555
1675	1687	1666	1629	38613
1674	1686	1665	1628	38676
1673	1686	1665	1628	38744
1675	1687	1665	1629	38796
1674	1686	1665	1629	38841
1674	1686	1664	1628	38902
1673	1685	1664	1628	38964
1674	1686	1665	1629	39014
1674	1687	1666	1629	39074
1674	1687	1666	1629	39140
1674	1686	1665	1629	39198
1674	1686	1665	1628	39262
1674	1686	1665	1628	39327
1675	1687	1666	1629	39393
1673	1685	1665	1627	39445
1675	1687	1665	1629	39450
1673	1685	1664	1628	39506
1674	1685	1665	1628	39575
1674	1686	1665	1629	39577
1675	1687	1666	1629	39642
1674	1686	1665	1628	39644
1675	1687	1666	1630	39694
1674	1687	1665	1628	39701
1673	1685	1664	1628	39757
1675	1687	1666	1630	39810
1674	1685	1665	1628	39814
1674	1686	1665	1629	39872
1673	1686	1665	1628	39925
1675	1687	1666	1630	39979
1674	1686	1665	1629	40043
1673	1685	1664	1628	40049
1675	1688	1667	1630	40052
1675	1687	1666	1629	40109
1673	1685	1664	1627	40171
1674	1685	1665	1629	40236
1674	1685	1665	1628	40298
1675	1688	1666	1630	40303
1673	1685	1664	1628	40362
1674	1685	1665	1629	40415
1673	1685	1664	1627	40465
1673	1685	1664	1628	40559
1674	1686	1665	1628	40613
1672	1685	1664	1628	40616
1674	1686	1665	1629	40678
1675	1687	1666	1630	40741
1674	1686	1665	1628	40796
1674	1686	1665	1628	40800
1673	1685	1665	1628	40856
1674	1686	1665	1628	40921
1673	1685	1664	1627	40924
1674	1687	1665	1629	40977
1674	1685	1665	1629	41039
1673	1685	1664	1627	41097
1675	1687	1667	1630	41103
1674	1686	1665	1629	41162
1673	1686	1664	1628	41232
1675	1686	1666	1629	41234
1673	1685	1664	1628	41295
1674	1686	1665	1628	41358
1674	1686	1665	1628	41419
1672	1684	1664	1627	41479
1674	1685	1665	1628	41587
1674	1687	1665	1629	41643
1674	1686	1666	1629	41646
1675	1686	1665	1629	41706
1673	1685	1664	1628	41772
1673	1686	1664	1628	41825
1673	1685	1665	1628	41888
1674	1685	1664	1628	41951
1673	1686	1665	1628	41953
1673	1685	1664	1628	42037
1673	1685	1664	1628	42044
1673	1685	1664	1627	42098
1673	1685	1664	1628	42154
1675	1687	1666	1629	42221
1674	1687	1665	1629	42223
1673	1686	1665	1628	42288
1673	1686	1664	1627	42355
1673	1685	1664	1627	42359
1673	1686	1664	1628	42419
1674	1686	1664	1628	42486
1674	1686	1665	1628	42543
1673	1685	1664	1627	42599
1673	1685	1664	1627	42663
1674	1686	1665	1628	42671
1673	1686	1664	1628	42728
1673	1685	1664	1627	42792
1673	1686	1664	1628	42844
1673	1686	1664	1628	42902
1673	1686	1664	1628	42969
1674	1686	1665	1628	43031
1673	1685	1664	1627	43090
1674	1685	1664	1627	43145
1673	1685	1664	1628	43197
1674	1686	1664	1628	43261
1674	1686	1665	1628	43265
1675	1687	1665	1629	43314
1674	1685	1664	1627	43380
1674	1686	1665	1628	43440
1673	1685	1665	1627	43494
1673	1686	1665	1627	43543
1674	1686	1665	1628	43604
1673	1685	1665	1627	43609
1673	1686	1664	1628	43670
1674	1686	1665	1628	43729
1674	1686	1666	1628	43794
1674	1686	1665	1628	43798
1675	1686	1666	1628	43800
1674	1686	1665	1628	43862
1674	1685	1665	1628	43869
1674	1686	1665	1628	43926
1674	1686	1665	1628	43988
1673	1685	1664	1627	43996
1675	1686	1665	1628	44052
1674	1685	1665	1628	44126
1675	1687	1666	1629	44178
1674	1687	1665	1628	44236
1673	1685	1664	1627	44300
1675	1687	1666	1628	44366
1672	1685	1665	1627	44372
1673	1686	1664	1628	44427
1674	1685	1665	1628	44482
1674	1686	1665	1628	44541
1674	1687	1664	1628	44545
1673	1686	1664	1627	44594
1674	1686	1666	1629	44674
1673	1685	1664	1627	44725
1674	1685	1664	1627	44732
1673	1685	1664	1627	44790
1673	1685	1665	1627	44794
1675	1687	1666	1629	44854
1674	1686	1665	1628	44858
1674	1686	1665	1628	44861
1674	1686	1665	1628	44916
1675	1686	1666	1628	44964
1674	1686	1666	1629	44968
1675	1687	1666	1629	45027
1674	1685	1665	1629	45089
1675	1687	1666	1630	45097
1673	1685	1664	1627	45151
1673	1685	1664	1628	45158
1673	1686	1664	1627	45213
1673	1685	1665	1628	45273
1674	1686	1665	1628	45337
1674	1685	1665	1629	45400
1675	1687	1666	1630	45458
1674	1686	1665	1629	45523
1674	1686	1665	1628	45529
1674	1686	1665	1629	45590
1675	1686	1666	1630	45650
1674	1686	1666	1629	45707
1674	1686	1665	1629	45756
1674	1685	1664	1629	45808
1674	1687	1665	1629	45867
1674	1686	1665	1628	45876
1674	1687	1666	1629	45932
1674	1685	1665	1629	45993
1674	1686	1665	1628	45998
1674	1687	1665	1629	46056
1674	1685	1665	1628	46059
1674	1686	1665	1628	46120
1675	1687	1666	1630	46182
1674	1686	1665	1629	46184
1674	1686	1665	1629	46234
1674	1686	1665	1628	46294
1674	1685	1665	1628	46300
1675	1687	1666	1629	46357
1673	1684	1664	1627	46364
1674	1686	1665	1628	46420
1673	1686	1664	1628	46478
1675	1686	1666	1629	46480
1674	1686	1666	1629	46542
1674	1686	1665	1628	46598
1674	1686	1665	1628	46605
1674	1686	1665	1629	46651
1673	1684	1664	1627	46722
1674	1686	1665	1629	46781
1674	1686	1665	1628	46786
1674	1686	1665	1629	46844
1674	1686	1665	1629	46906
1674	1686	1664	1628	46968
1674	1686	1665	1628	47034
1674	1686	1665	1629	47096
1674	1685	1665	1628	47171
1673	1685	1665	1628	47220
1674	1686	1665	1628	47222
1674	1686	1664	1628	47283
1674	1685	1664	1628	47291
1674	1686	1665	1629	47344
1673	1685	1664	1628	47409
1674	1686	1665	1629	47471
1674	1686	1665	1629	47480
1674	1687	1666	1629	47536
1674	1686	1665	1629	47542
1674	1686	1665	1629	47600
1674	1686	1665	1629	47661
1674	1687	1666	1629	47718
1675	1687	1666	1630	47780
1674	1686	1665	1629	47840
1673	1686	1664	1628	47901
1674	1686	1665	1628	47910
1673	1685	1664	1628	47967
1673	1686	1664	1628	47970
1675	1687	1665	1629	48033
1673	1686	1665	1628	48094
1672	1684	1664	1627	48151
1675	1687	1665	1629	48160
1675	1686	1665	1629	48208
1674	1686	1665	1628	48273
1673	1686	1664	1628	48335
1673	1686	1664	1627	48385
1673	1685	1664	1627	48443
1673	1686	1664	1628	48499
1674	1686	1665	1629	48503
1674	1687	1665	1629	48562
1675	1687	1666	1629	48625
1673	1686	1664	1628	48680
1674	1686	1665	1628	48736
1673	1685	1664	1628	48787
1674	1686	1665	1628	48846
1674	1686	1665	1628	48848
1674	1685	1664	1628	48903
1673	1685	1664	1627	48910
1674	1686	1665	1628	48958
1675	1687	1666	1629	49021
1674	1686	1665	1629	49029
1674	1686	1666	1629	49083
1675	1686	1666	1629	49086
1674	1686	1664	1628	49145
1674	1686	1665	1628	49149
1675	1687	1666	1628	49208
1675	1687	1666	1628	49274
1675	1687	1667	1630	49339
1673	1686	1665	1627	49402
1675	1687	1666	1629	49404
1674	1686	1665	1628	49461
1674	1686	1664	1628	49515
1674	1685	1665	1628	49571
1674	1685	1665	1628	49575
1675	1687	1666	1629	49634
1676	1687	1666	1629	49689
1673	1686	1664	1628	49694
1674	1686	1665	1629	49739
1675	1687	1665	1629	49741
1674	1686	1665	1629	49807
1674	1686	1665	1628	49813
1675	1687	1666	1629	49816
1674	1686	1665	1629	49873
1673	1685	1664	1627	49938
1675	1687	1666	1629	49941
1674	1686	1665	1629	50000
1675	1687	1666	1629	50009
1673	1686	1664	1628	50057
1673	1685	1665	1628	50065
1675	1687	1666	1629	50115
1674	1686	1665	1628	50180
1674	1686	1665	1628	50238
1674	1686	1665	1629	50241
1674	1686	1665	1629	50304
1674	1686	1665	1629	50355
1674	1686	1665	1628	50417
1674	1685	1665	1628	50476
1675	1687	1665	1629	50480
1674	1686	1665	1628	50537
1673	1685	1664	1627	50600
1677	1689	1668	1631	50655
1673	1685	1664	1627	50658
1674	1687	1665	1629	50661
1675	1687	1666	1630	50664
1674	1686	1665	1629	50722
1674	1686	1665	1629	50726
1675	1686	1665	1629	50729
1674	1686	1665	1629	50787
1675	1686	1665	1629	50790
1674	1686	1665	1629	50848
1674	1686	1665	1628	50857
1674	1687	1665	1629	50909
1673	1686	1665	1628	50914
1675	1687	1666	1629	50975
1672	1685	1664	1628	51031
1673	1684	1664	1627	51095
1675	1687	1666	1630	51101
