1587	1599	1579	1544	11
1596	1608	1587	1552	6674
1596	1607	1587	1551	6683
1596	1607	1587	1552	6740
1595	1606	1586	1551	6750
1597	1608	1587	1552	6801
1595	1607	1586	1551	6860
1596	1607	1587	1551	6865
1596	1608	1587	1552	6924
1596	1608	1587	1553	6931
1596	1607	1587	1552	6994
1595	1607	1586	1551	7057
1597	1608	1588	1552	7111
1595	1606	1585	1551	7118
1596	1608	1588	1552	7170
1596	1607	1587	1552	7230
1596	1606	1587	1551	7293
1596	1607	1587	1552	7296
1597	1608	1587	1553	7351
1597	1608	1588	1553	7411
1597	1608	1588	1553	7470
1596	1607	1587	1551	7528
1596	1607	1587	1552	7576
1597	1607	1587	1551	7638
1597	1608	1588	1553	7701
1597	1607	1588	1552	7764
1597	1607	1587	1552	7816
1596	1607	1587	1553	7881
1596	1608	1587	1552	7943
1596	1607	1587	1552	8001
1596	1607	1587	1552	8063
1596	1608	1587	1552	8116
1596	1607	1586	1551	8176
1596	1607	1587	1552	8181
1598	1608	1588	1553	8242
1597	1607	1587	1552	8245
1597	1608	1587	1552	8301
1597	1609	1588	1553	8358
1596	1606	1586	1551	8421
1598	1608	1588	1553	8426
1597	1607	1587	1551	8480
1596	1606	1587	1551	8482
1597	1607	1587	1552	8540
1597	1607	1588	1553	8592
1597	1607	1588	1552	8599
1596	1607	1586	1551	8657
1597	1608	1587	1552	8722
1597	1608	1588	1552	8724
1595	1606	1586	1551	8775
1596	1607	1587	1552	8824
1596	1607	1587	1553	8832
1596	1607	1587	1552	8886
1596	1607	1586	1551	8937
1596	1607	1587	1552	8986
1597	1607	1588	1553	9045
1597	1608	1587	1552	9105
1596	1607	1587	1552	9156
1596	1607	1586	1551	9204
1597	1608	1587	1552	9256
1598	1608	1588	1553	9263
1597	1607	1587	1552	9317
1596	1606	1586	1552	9321
1596	1607	1587	1552	9324
1597	1607	1586	1552	9383
1596	1607	1587	1552	9391
1596	1607	1586	1551	9447
1597	1607	1587	1552	9509
1596	1607	1586	1552	9560
1596	1606	1586	1551	9622
1596	1606	1587	1552	9624
1597	1608	1588	1553	9678
1597	1607	1586	1552	9680
1596	1607	1586	1552	9738
1597	1608	1588	1553	9830
1596	1607	1586	1551	9881
1596	1606	1586	1552	9943
1595	1606	1586	1551	9947
1597	1608	1587	1553	10000
1597	1607	1587	1552	10002
1598	1608	1588	1553	10064
1597	1607	1587	1553	10120
1597	1607	1588	1552	10185
1596	1607	1588	1552	10237
1597	1607	1587	1552	10239
1597	1608	1588	1553	10303
1596	1607	1587	1552	10356
1597	1607	1587	1552	10361
1596	1607	1586	1552	10365
1597	1608	1588	1553	10418
1596	1607	1587	1551	10427
1597	1607	1587	1553	10482
1597	1607	1587	1552	10543
1596	1607	1586	1551	10596
1596	1607	1587	1552	10660
1597	1608	1587	1552	10725
1596	1607	1586	1552	10787
1596	1606	1587	1552	10855
1598	1608	1588	1553	10858
1597	1608	1588	1553	10908
1597	1607	1588	1552	10912
1596	1607	1586	1552	10969
1598	1609	1588	1553	11019
1596	1607	1586	1552	11024
1596	1607	1587	1552	11080
1597	1607	1587	1552	11088
1597	1608	1587	1552	11145
1597	1608	1588	1553	11207
1595	1606	1586	1550	11268
1596	1606	1586	1552	11329
1596	1607	1587	1552	11334
1596	1607	1587	1552	11393
1596	1607	1587	1551	11447
1598	1608	1588	1553	11456
1596	1607	1587	1552	11508
1597	1608	1588	1553	11517
1596	1607	1587	1552	11577
1597	1607	1587	1552	11582
1596	1607	1586	1551	11643
1597	1608	1587	1552	11704
1597	1608	1587	1553	11756
1597	1607	1587	1552	11763
1596	1608	1586	1552	11810
1597	1608	1588	1552	11819
1597	1608	1587	1552	11875
1597	1607	1587	1552	11974
1598	1609	1587	1553	11978
1596	1608	1587	1552	12037
1597	1608	1588	1552	12040
1597	1608	1587	1552	12044
1598	1608	1587	1552	12098
1597	1607	1586	1552	12099
1597	1607	1586	1551	12160
1597	1608	1587	1551	12163
1596	1607	1586	1551	12226
1598	1608	1587	1552	12234
1597	1607	1586	1551	12278
1596	1607	1586	1551	12336
1597	1608	1586	1552	12341
1596	1607	1586	1550	12343
1596	1607	1587	1552	12400
1596	1608	1587	1552	12456
1597	1608	1588	1552	12506
1597	1607	1588	1552	12559
1597	1609	1588	1552	12565
1596	1608	1587	1552	12631
1597	1608	1588	1552	12637
1596	1607	1587	1552	12695
1597	1608	1588	1552	12746
1597	1608	1587	1552	12802
1597	1608	1588	1552	12811
1597	1607	1588	1552	12873
1597	1608	1587	1552	12932
1597	1608	1587	1552	12989
1597	1608	1587	1552	13055
1596	1606	1586	1551	13057
1598	1608	1588	1553	13106
1597	1608	1587	1552	13165
1597	1608	1588	1552	13218
1597	1609	1588	1552	13282
1598	1608	1588	1552	13342
1597	1608	1587	1552	13349
1597	1607	1587	1552	13404
1597	1608	1587	1552	13460
1597	1608	1588	1552	13520
1597	1608	1588	1552	13580
1597	1608	1587	1552	13644
1596	1607	1586	1551	13696
1598	1609	1588	1553	13701
1597	1608	1588	1552	13753
1597	1607	1588	1552	13811
1597	1608	1587	1552	13816
1597	1608	1588	1552	13869
1598	1608	1588	1553	13928
1598	1608	1588	1553	13988
1597	1608	1587	1552	14051
1597	1608	1588	1553	14059
1597	1607	1587	1552	14114
1597	1607	1587	1552	14121
1598	1608	1588	1553	14177
1596	1607	1587	1551	14240
1596	1607	1587	1552	14244
1597	1607	1587	1553	14307
1596	1606	1587	1551	14312
1597	1608	1587	1552	14391
1596	1606	1586	1551	14467
1597	1608	1588	1552	14520
1596	1607	1587	1552	14529
1597	1608	1587	1553	14589
1596	1608	1587	1552	14592
1598	1608	1588	1553	14654
1596	1607	1586	1551	14715
1597	1608	1588	1553	14722
1598	1608	1588	1553	14774
1596	1607	1586	1552	14840
1597	1608	1587	1552	14907
1597	1608	1587	1553	14912
1597	1608	1587	1552	14971
1597	1607	1587	1553	14974
1597	1608	1588	1553	14980
1596	1607	1586	1551	15036
1597	1608	1587	1553	15039
1597	1608	1587	1552	15093
1596	1607	1586	1551	15102
1598	1609	1589	1554	15156
1597	1608	1587	1552	15207
1596	1607	1587	1552	15267
1596	1608	1587	1552	15330
1597	1607	1588	1552	15389
1597	1608	1587	1553	15450
1597	1608	1588	1552	15452
1597	1608	1587	1552	15459
1597	1608	1588	1553	15530
1595	1607	1586	1551	15582
1596	1607	1587	1552	15585
1596	1607	1587	1551	15645
1596	1607	1586	1552	15696
1598	1609	1589	1553	15698
1596	1607	1586	1552	15757
1596	1607	1587	1552	15764
1596	1607	1586	1552	15816
1596	1608	1587	1552	15878
1596	1606	1587	1551	15938
1597	1607	1587	1553	15997
1597	1608	1588	1553	16000
1597	1607	1587	1552	16005
1596	1607	1587	1552	16060
1597	1609	1587	1553	16121
1596	1607	1587	1551	16128
1597	1608	1587	1552	16175
1597	1608	1587	1552	16184
1597	1608	1588	1553	16239
1597	1608	1587	1552	16245
1596	1607	1587	1552	16300
1595	1606	1587	1551	16360
1596	1608	1587	1552	16422
1595	1607	1586	1552	16485
1597	1608	1587	1553	16494
1597	1608	1587	1552	16551
1597	1608	1588	1553	16612
1597	1607	1587	1552	16670
1597	1608	1587	1551	16732
1597	1608	1588	1553	16778
1598	1608	1587	1553	16786
1598	1609	1589	1554	16845
1596	1606	1586	1550	16898
1598	1608	1588	1553	16906
1597	1608	1587	1553	16962
1596	1607	1587	1552	17023
1597	1609	1588	1553	17082
1597	1608	1588	1552	17138
1596	1608	1587	1552	17144
1597	1608	1588	1552	17187
1596	1607	1586	1551	17255
1597	1608	1587	1552	17309
1598	1608	1588	1554	17312
1597	1608	1587	1552	17372
1597	1608	1587	1552	17378
1596	1607	1586	1551	17434
1596	1607	1586	1551	17438
1596	1608	1586	1551	17500
1596	1606	1586	1551	17502
1597	1608	1587	1552	17563
1595	1605	1586	1550	17621
1596	1606	1586	1551	17627
1596	1607	1586	1551	17686
1596	1607	1586	1551	17694
1597	1608	1587	1553	17749
1596	1607	1587	1552	17802
1595	1606	1586	1551	17864
1596	1607	1587	1551	17924
1596	1607	1587	1551	17929
1596	1607	1586	1550	17986
1596	1607	1586	1551	17992
1595	1606	1586	1551	18046
1596	1607	1587	1551	18103
1596	1607	1587	1552	18161
1597	1607	1587	1552	18164
1597	1609	1588	1553	18223
1596	1607	1587	1552	18278
1596	1607	1587	1551	18342
1597	1607	1587	1552	18346
1596	1607	1586	1550	18400
1596	1607	1586	1551	18408
1597	1608	1587	1552	18462
1597	1608	1588	1552	18471
1597	1607	1587	1552	18531
1598	1608	1588	1553	18582
1597	1608	1588	1553	18638
1597	1608	1587	1552	18640
1595	1606	1587	1551	18700
1597	1608	1587	1552	18762
1596	1607	1587	1552	18818
1596	1606	1586	1551	18824
1596	1607	1587	1551	18879
1597	1608	1588	1552	18932
1596	1607	1587	1551	18935
1596	1606	1586	1550	18993
1598	1608	1588	1553	18995
1596	1607	1587	1552	19051
1596	1607	1587	1552	19114
1595	1605	1585	1549	19173
1597	1607	1587	1552	19236
1596	1607	1587	1552	19243
1596	1606	1586	1551	19301
1597	1607	1588	1553	19368
1596	1607	1588	1552	19376
1597	1608	1587	1552	19432
1597	1607	1588	1552	19489
1598	1608	1589	1553	19554
1597	1608	1588	1552	19613
1596	1607	1587	1552	19666
1596	1607	1587	1552	19672
1597	1608	1588	1553	19730
1596	1607	1586	1551	19734
1596	1608	1587	1553	19788
1597	1606	1587	1552	19792
1597	1608	1587	1552	19850
1595	1606	1586	1551	19854
1596	1607	1587	1552	19912
1596	1607	1587	1552	19915
1597	1608	1588	1552	19921
1597	1608	1587	1553	19975
1596	1606	1587	1552	19978
1596	1607	1587	1552	20030
1597	1608	1588	1552	20094
1596	1607	1588	1552	20101
1595	1606	1586	1551	20154
1597	1606	1587	1551	20206
1596	1606	1587	1551	20209
1596	1608	1587	1552	20264
1598	1608	1589	1553	20317
1596	1607	1587	1551	20367
1597	1608	1587	1552	20370
1597	1608	1587	1552	20434
1597	1607	1587	1552	20442
1598	1608	1588	1553	20498
1597	1608	1587	1552	20501
1596	1607	1586	1551	20505
1597	1608	1588	1553	20562
1595	1607	1586	1551	20622
1595	1606	1586	1551	20681
1597	1607	1587	1552	20684
1597	1608	1588	1553	20747
1597	1608	1587	1553	20750
1596	1607	1587	1552	20808
1596	1606	1586	1551	20893
1597	1608	1588	1553	20950
1597	1607	1587	1552	21013
1597	1607	1587	1552	21066
1596	1606	1587	1552	21069
1596	1607	1586	1551	21129
1596	1607	1587	1551	21191
1596	1607	1587	1552	21254
1597	1608	1587	1552	21262
1597	1607	1587	1553	21334
1596	1608	1587	1552	21386
1595	1606	1586	1551	21444
1595	1606	1586	1550	21448
1596	1606	1587	1551	21510
1597	1607	1587	1551	21519
1596	1607	1587	1552	21573
1596	1607	1587	1552	21581
1596	1607	1586	1551	21634
1596	1607	1587	1552	21690
1597	1607	1588	1552	21754
1596	1606	1586	1552	21817
1595	1606	1586	1551	21873
1597	1606	1587	1552	21929
1596	1606	1586	1551	21994
1597	1607	1588	1553	21999
1597	1608	1587	1552	22061
1597	1608	1588	1552	22116
1597	1609	1588	1553	22119
1596	1608	1587	1552	22181
1596	1607	1587	1551	22241
1595	1606	1586	1550	22305
1595	1606	1586	1551	22358
1596	1607	1586	1551	22428
1596	1607	1586	1551	22433
1596	1608	1586	1552	22437
1598	1608	1588	1553	22485
1598	1608	1588	1552	22488
1596	1607	1586	1551	22541
1597	1607	1587	1551	22544
1598	1609	1588	1553	22548
1597	1607	1587	1551	22604
1597	1607	1587	1551	22608
1597	1608	1588	1553	22668
1597	1607	1587	1552	22731
1597	1608	1587	1552	22734
1597	1608	1588	1552	22796
1596	1607	1587	1551	22857
1597	1608	1588	1552	22919
1597	1607	1587	1552	22973
1596	1607	1586	1551	23026
1596	1607	1587	1551	23033
1596	1607	1586	1551	23088
1596	1607	1587	1551	23093
1596	1607	1587	1551	23151
1596	1607	1587	1551	23155
1596	1607	1587	1551	23205
1598	1609	1590	1553	23270
1597	1607	1587	1552	23327
1596	1607	1587	1551	23330
1596	1608	1587	1551	23390
1597	1609	1588	1552	23452
1595	1606	1586	1551	23506
1597	1607	1587	1552	23561
1598	1609	1589	1554	23626
1596	1608	1587	1551	23689
1598	1608	1588	1553	23695
1595	1607	1586	1550	23759
1596	1608	1587	1552	23766
1597	1608	1588	1552	23768
1593	1604	1583	1547	23846
1596	1607	1586	1551	23903
1596	1607	1587	1552	23967
1595	1606	1586	1550	23970
1596	1607	1587	1551	23973
1597	1608	1588	1552	24032
1596	1607	1586	1550	24094
1598	1608	1588	1553	24096
1598	1609	1589	1553	24099
1597	1608	1588	1552	24101
1596	1607	1587	1551	24161
1596	1607	1587	1552	24228
1598	1608	1588	1553	24291
1597	1608	1587	1552	24355
1597	1607	1587	1552	24404
1597	1608	1588	1553	24459
1597	1608	1588	1553	24521
1597	1607	1587	1553	24584
1595	1606	1586	1551	24647
1597	1608	1587	1553	24714
1596	1607	1587	1552	24780
1597	1609	1589	1553	24842
1596	1607	1587	1552	24900
1597	1607	1587	1552	24903
1597	1608	1587	1553	24962
1596	1607	1588	1552	25018
1595	1605	1585	1551	25085
1596	1607	1587	1552	25094
1597	1607	1587	1552	25142
1596	1606	1586	1551	25207
1596	1607	1587	1552	25270
1597	1608	1588	1553	25274
1596	1607	1587	1552	25337
1598	1608	1588	1553	25341
1596	1607	1587	1552	25346
1597	1608	1588	1553	25405
1598	1608	1588	1553	25458
1597	1607	1587	1553	25524
1596	1607	1587	1552	25533
1597	1609	1588	1554	25587
1596	1608	1587	1552	25652
1597	1608	1588	1553	25708
1596	1607	1588	1552	25758
1596	1607	1587	1552	25762
1596	1607	1586	1551	25824
1595	1606	1585	1551	25831
1598	1608	1588	1553	25882
1598	1608	1588	1553	25950
1598	1608	1588	1553	25953
1597	1607	1587	1552	26000
1596	1607	1587	1552	26065
1597	1607	1587	1553	26116
1598	1609	1588	1553	26124
1598	1609	1588	1554	26181
1597	1608	1587	1552	26244
1596	1606	1586	1551	26307
1597	1607	1587	1552	26357
1597	1608	1588	1553	26411
1597	1607	1587	1552	26481
1597	1608	1588	1554	26489
1597	1608	1587	1552	26538
1598	1608	1588	1553	26603
1596	1607	1587	1552	26665
1597	1608	1588	1553	26716
1598	1609	1588	1554	26779
1597	1608	1587	1553	26784
1597	1608	1587	1552	26843
1598	1609	1589	1553	26901
1598	1608	1588	1552	26909
1597	1608	1587	1552	26966
1598	1609	1588	1553	27028
1598	1609	1589	1553	27080
1598	1609	1588	1553	27148
1595	1606	1586	1550	27210
1597	1608	1588	1553	27217
1597	1609	1588	1553	27270
1597	1607	1587	1552	27273
1596	1607	1587	1552	27333
1596	1606	1587	1551	27391
1597	1608	1588	1553	27394
1596	1608	1587	1552	27453
1596	1607	1587	1552	27455
1596	1607	1586	1552	27512
1597	1608	1588	1553	27515
1598	1609	1588	1552	27575
1596	1607	1587	1552	27635
1595	1606	1586	1552	27691
1598	1608	1588	1552	27751
1596	1607	1587	1552	27812
1596	1607	1586	1551	27820
1596	1606	1586	1551	27872
1595	1606	1586	1551	27930
1595	1606	1585	1550	27939
1596	1608	1587	1551	27994
1598	1608	1588	1553	27997
1596	1607	1586	1551	28048
1596	1607	1586	1551	28112
1596	1607	1586	1551	28171
1595	1607	1586	1550	28175
1597	1608	1587	1553	28219
1596	1607	1587	1551	28274
1596	1607	1586	1552	28330
1597	1607	1587	1552	28390
1596	1607	1586	1552	28453
1596	1607	1587	1552	28456
1596	1607	1587	1552	28462
1596	1607	1587	1551	28518
1597	1608	1588	1552	28602
1598	1608	1588	1553	28652
1596	1607	1587	1551	28706
1596	1606	1587	1551	28763
1596	1606	1587	1551	28822
1596	1607	1587	1551	28826
1596	1607	1587	1551	28882
1599	1611	1590	1555	28961
1597	1608	1587	1552	28998
1596	1608	1588	1552	29052
1596	1607	1587	1551	29114
1597	1607	1587	1551	29164
1597	1608	1588	1552	29218
1596	1608	1587	1552	29275
1597	1607	1588	1552	29326
1596	1607	1586	1551	29378
1596	1606	1587	1551	29436
1596	1607	1587	1551	29493
1596	1606	1586	1551	29551
1597	1607	1587	1552	29612
1596	1607	1587	1552	29615
1597	1608	1587	1552	29620
1596	1607	1587	1552	29794
1596	1607	1586	1551	29851
1597	1607	1587	1552	29915
1596	1606	1587	1551	29966
1596	1607	1586	1552	29968
1597	1607	1587	1552	30026
1597	1607	1588	1552	30082
1596	1607	1586	1551	30141
1597	1607	1586	1551	30196
1596	1607	1587	1551	30251
1596	1607	1587	1552	30258
1596	1606	1586	1551	30317
1597	1607	1587	1552	30375
1596	1607	1586	1551	30377
1596	1606	1586	1551	30381
1596	1607	1587	1552	30429
1597	1608	1588	1553	30490
1597	1607	1587	1552	30554
1597	1608	1588	1552	30606
1596	1607	1587	1552	30657
1595	1606	1586	1551	30709
1596	1607	1587	1552	30773
1597	1607	1587	1552	30831
1596	1607	1587	1552	30894
1596	1607	1586	1552	30901
1596	1606	1586	1551	30959
1597	1607	1587	1552	31022
1596	1607	1586	1551	31078
1597	1608	1588	1553	31083
1597	1608	1587	1552	31143
1596	1607	1586	1552	31200
1598	1607	1588	1552	31256
1595	1604	1585	1550	31307
1597	1607	1587	1552	31356
1597	1608	1587	1553	31411
1597	1607	1588	1552	31464
1596	1607	1587	1552	31520
1597	1608	1588	1552	31581
1596	1607	1587	1552	31645
1596	1607	1587	1552	31708
1596	1608	1587	1553	31757
1596	1607	1588	1552	31815
1596	1607	1587	1551	31819
1596	1608	1587	1552	31824
1596	1607	1587	1551	31879
1596	1606	1586	1551	31941
1596	1606	1586	1551	31998
1596	1606	1587	1551	32060
1596	1607	1587	1551	32122
1597	1608	1587	1552	32184
1596	1607	1587	1552	32187
1599	1610	1589	1555	32251
1596	1606	1587	1552	32315
1596	1607	1587	1552	32366
1597	1607	1587	1552	32430
1596	1607	1587	1552	32494
1596	1607	1587	1552	32547
1597	1607	1587	1552	32606
1596	1607	1587	1552	32608
1596	1608	1587	1552	32614
1596	1607	1587	1552	32665
1597	1608	1586	1553	32711
1596	1607	1586	1551	32773
1596	1607	1587	1551	32781
1596	1607	1587	1552	32825
1596	1607	1587	1551	32868
1597	1607	1587	1552	32878
1597	1607	1587	1553	32928
1597	1607	1587	1552	32937
1596	1607	1587	1552	32991
1596	1607	1587	1552	32995
1595	1606	1586	1552	33055
1596	1606	1587	1551	33059
1597	1608	1587	1552	33121
1596	1607	1587	1552	33131
1597	1607	1587	1552	33183
1595	1605	1586	1551	33235
1596	1608	1587	1552	33288
1597	1608	1587	1552	33351
1596	1607	1586	1551	33357
1596	1607	1586	1552	33413
1598	1609	1588	1553	33419
1597	1608	1588	1553	33471
1595	1607	1585	1551	33532
1596	1607	1587	1552	33585
1597	1609	1588	1552	33644
1596	1608	1587	1552	33649
1596	1607	1587	1552	33704
1596	1607	1587	1551	33707
1596	1607	1586	1551	33756
1596	1606	1587	1551	33764
1597	1608	1587	1552	33818
1598	1608	1588	1553	33824
1597	1608	1588	1552	33880
1598	1608	1588	1553	33883
1596	1608	1587	1552	33942
1598	1608	1588	1553	33946
1596	1607	1587	1552	34007
1596	1607	1587	1551	34012
1597	1608	1588	1552	34074
1598	1609	1588	1553	34135
1597	1608	1587	1551	34187
1596	1607	1587	1551	34255
1597	1607	1587	1552	34313
1596	1607	1587	1552	34367
1597	1607	1587	1552	34371
1596	1607	1587	1551	34431
1597	1608	1588	1552	34493
1597	1607	1588	1552	34500
1597	1608	1588	1552	34557
1598	1609	1589	1554	34560
1597	1608	1588	1552	34563
1597	1608	1587	1552	34618
1598	1608	1588	1553	34682
1597	1608	1587	1551	34738
1596	1607	1587	1551	34801
1597	1607	1588	1552	34810
1597	1609	1588	1552	34866
1597	1607	1587	1551	34917
1598	1608	1589	1553	34979
1596	1607	1586	1551	35042
1596	1607	1587	1551	35045
1596	1607	1586	1551	35103
1597	1607	1587	1552	35165
1597	1608	1587	1552	35229
1598	1608	1588	1553	35291
1597	1608	1587	1552	35351
1597	1608	1587	1552	35417
1596	1606	1586	1551	35466
1597	1607	1587	1552	35524
1596	1607	1587	1551	35582
1596	1607	1586	1550	35591
1596	1607	1587	1551	35642
1597	1608	1588	1552	35706
1596	1607	1587	1551	35715
1597	1608	1587	1552	35772
1597	1607	1587	1552	35836
1596	1607	1587	1552	35891
1597	1607	1587	1552	35953
1598	1609	1589	1554	35957
1597	1608	1588	1552	36005
1596	1607	1587	1552	36007
1596	1608	1587	1553	36054
1596	1607	1587	1552	36062
1596	1607	1587	1552	36119
1598	1608	1588	1553	36183
1596	1607	1586	1551	36336
1597	1608	1587	1553	36385
1598	1608	1588	1553	36439
1597	1608	1587	1553	36499
1597	1608	1587	1553	36563
1596	1607	1586	1551	36624
1597	1607	1587	1552	36627
1598	1609	1589	1554	36680
1597	1608	1587	1553	36742
1598	1609	1588	1553	36747
1596	1608	1587	1552	36806
1597	1608	1588	1553	36861
1596	1607	1586	1552	36924
1597	1608	1587	1553	36980
1597	1608	1588	1553	37039
1597	1608	1587	1552	37105
1597	1607	1588	1552	37164
1597	1608	1588	1553	37213
1595	1606	1586	1551	37268
1597	1608	1587	1552	37329
1596	1607	1587	1552	37335
1596	1607	1587	1552	37393
1596	1607	1587	1552	37397
1596	1608	1587	1551	37402
1597	1609	1588	1553	37459
1597	1608	1587	1553	37521
1597	1608	1587	1552	37529
1597	1608	1588	1553	37585
1596	1608	1586	1551	37637
1597	1608	1588	1553	37642
1596	1608	1587	1552	37698
1597	1608	1588	1552	37703
1597	1608	1587	1553	37759
1597	1608	1588	1553	37819
1597	1608	1588	1553	37873
1597	1607	1587	1552	37874
1596	1608	1587	1552	37878
1596	1608	1587	1552	37941
1597	1609	1588	1553	37944
1597	1609	1589	1553	37998
1597	1608	1588	1553	38063
1597	1609	1589	1553	38128
1597	1608	1587	1553	38135
1596	1607	1587	1552	38226
1597	1608	1587	1552	38286
1596	1607	1586	1552	38342
1597	1608	1588	1553	38405
1597	1608	1588	1553	38453
1596	1607	1587	1552	38506
1597	1607	1586	1552	38567
1598	1609	1589	1554	38628
1596	1608	1587	1552	38636
1596	1607	1587	1552	38675
1598	1608	1588	1553	38679
1597	1608	1587	1552	38741
1597	1608	1587	1552	38814
1596	1607	1586	1551	38817
1596	1607	1587	1551	38874
1598	1609	1589	1554	38935
1597	1608	1588	1553	38999
1596	1607	1586	1552	39005
1596	1608	1587	1552	39076
1597	1608	1588	1553	39126
1596	1607	1587	1552	39134
1596	1607	1587	1552	39204
1597	1608	1587	1552	39260
1596	1608	1587	1552	39322
1595	1607	1586	1551	39383
1595	1606	1586	1551	39388
1595	1607	1586	1550	39445
1596	1606	1586	1550	39450
1596	1608	1587	1552	39507
1596	1606	1586	1551	39515
1597	1608	1587	1552	39570
1596	1607	1587	1551	39578
1596	1606	1585	1550	39636
1597	1608	1587	1552	39681
1596	1608	1587	1552	39686
1597	1608	1587	1552	39690
1597	1608	1587	1551	39740
1596	1607	1586	1551	39805
1598	1608	1588	1553	39867
1597	1608	1588	1553	39932
1596	1607	1586	1551	39991
1596	1606	1586	1551	39997
1596	1607	1587	1551	40061
1597	1608	1588	1552	40124
1596	1607	1586	1551	40187
1595	1606	1586	1551	40191
1596	1607	1587	1551	40251
1596	1607	1586	1551	40254
1597	1608	1587	1552	40308
1596	1606	1586	1551	40371
1597	1607	1587	1551	40434
1596	1606	1586	1551	40489
1594	1605	1585	1549	40493
1595	1606	1586	1550	40559
1596	1606	1587	1551	40619
1597	1607	1587	1552	40626
1596	1607	1587	1551	40682
1597	1607	1588	1552	40750
1595	1606	1586	1550	40818
1596	1607	1586	1551	40883
1596	1606	1586	1551	40941
1597	1608	1588	1553	41001
1597	1607	1587	1551	41066
1596	1606	1587	1551	41128
1598	1608	1588	1553	41190
1596	1606	1586	1551	41256
1597	1607	1588	1552	41262
1596	1607	1587	1552	41264
1596	1606	1586	1550	41321
1596	1607	1587	1551	41325
1595	1606	1585	1550	41384
1596	1606	1586	1551	41450
1596	1606	1586	1551	41515
1596	1607	1587	1553	41567
1597	1608	1587	1552	41572
1596	1606	1586	1551	41631
1597	1607	1587	1553	41635
1597	1608	1587	1553	41697
1597	1608	1587	1552	41706
1597	1607	1587	1552	41760
1596	1607	1586	1552	41767
1596	1607	1587	1552	41825
1596	1607	1587	1552	41834
1596	1607	1587	1552	41892
1596	1607	1587	1552	41896
1596	1607	1587	1552	41898
1595	1606	1586	1551	41959
1596	1608	1587	1552	41964
1597	1607	1587	1552	42018
1597	1607	1587	1552	42023
1596	1607	1587	1552	42082
1596	1607	1587	1551	42144
1597	1608	1587	1553	42151
1596	1607	1587	1552	42209
1596	1607	1588	1552	42268
1594	1606	1586	1551	42314
1597	1608	1588	1553	42317
1596	1607	1587	1552	42322
1596	1607	1587	1551	42368
1595	1606	1586	1551	42422
1597	1607	1588	1551	42489
1596	1607	1587	1551	42490
1597	1608	1587	1553	42497
1595	1606	1586	1551	42552
1597	1607	1587	1552	42608
1595	1604	1584	1549	42658
1596	1606	1587	1551	42661
1597	1607	1587	1552	42662
1595	1605	1585	1550	42727
1596	1606	1586	1551	42788
1597	1608	1587	1553	42792
1597	1607	1588	1553	42795
1597	1608	1587	1552	42854
1596	1607	1587	1552	42916
1596	1606	1586	1552	42919
1596	1607	1587	1552	42922
1596	1607	1587	1552	42981
1595	1606	1587	1551	42987
1596	1607	1587	1552	43037
1595	1606	1586	1551	43097
1597	1607	1587	1552	43159
1596	1606	1587	1551	43162
1596	1607	1587	1552	43166
1595	1605	1586	1550	43226
1594	1605	1585	1550	43286
1595	1606	1586	1551	43348
1596	1607	1587	1552	43406
1597	1608	1587	1552	43457
1597	1608	1588	1553	43509
1598	1607	1587	1553	43572
1597	1607	1587	1552	43629
1595	1606	1586	1551	43685
1597	1607	1587	1552	43743
1597	1606	1587	1552	43750
1596	1607	1586	1552	43807
1597	1608	1588	1553	43866
1596	1607	1587	1552	43930
1595	1606	1586	1551	43935
1597	1608	1588	1553	43998
1597	1608	1587	1553	44067
1595	1606	1585	1550	44121
1596	1607	1586	1552	44182
1596	1607	1587	1552	44190
1595	1606	1586	1551	44245
1597	1609	1588	1553	44307
1596	1607	1587	1552	44357
1596	1608	1587	1551	44413
1598	1608	1588	1553	44470
1597	1607	1588	1552	44531
1595	1607	1586	1551	44592
1596	1607	1587	1552	44646
1597	1608	1587	1552	44696
1595	1606	1586	1551	44747
1597	1607	1586	1552	44813
1596	1607	1587	1552	44816
1597	1607	1586	1552	44879
1596	1606	1587	1551	44944
1597	1607	1587	1552	44999
1597	1607	1587	1552	45063
1597	1608	1588	1553	45119
1597	1608	1588	1554	45123
1597	1608	1587	1552	45181
1596	1607	1587	1551	45187
1597	1608	1587	1552	45190
1597	1608	1587	1552	45247
1598	1608	1588	1552	45311
1597	1608	1588	1552	45314
1598	1609	1588	1553	45374
1596	1608	1586	1551	45381
1596	1607	1587	1552	45438
1598	1608	1588	1552	45501
1596	1607	1587	1551	45503
1597	1608	1588	1552	45563
1597	1607	1587	1552	45616
1598	1608	1588	1552	45671
1596	1607	1587	1551	45677
1597	1608	1587	1552	45733
1597	1608	1588	1552	45785
1598	1608	1588	1553	45788
1597	1607	1587	1551	45847
1597	1607	1587	1552	45910
1597	1608	1587	1552	45914
1597	1608	1587	1551	45916
1597	1608	1588	1552	45971
1597	1608	1587	1552	46031
1597	1608	1588	1552	46037
1596	1607	1586	1551	46039
1596	1607	1586	1551	46098
1596	1607	1587	1551	46162
1597	1607	1587	1552	46217
1596	1607	1587	1551	46267
1597	1608	1587	1552	46275
1597	1608	1588	1552	46329
1596	1606	1587	1551	46393
1596	1607	1587	1551	46448
1597	1608	1587	1552	46505
1598	1609	1589	1554	46508
1598	1609	1588	1553	46565
1597	1608	1588	1554	46617
1597	1608	1587	1553	46624
1597	1607	1587	1552	46683
1596	1607	1587	1552	46741
1597	1607	1587	1553	46792
1597	1607	1587	1553	46855
1597	1608	1587	1552	46917
1597	1607	1587	1553	46921
1597	1607	1587	1552	46926
1597	1607	1587	1553	46979
1597	1608	1587	1553	46982
1596	1607	1587	1551	47040
1597	1608	1587	1553	47101
1597	1608	1587	1552	47168
1597	1608	1587	1552	47227
1598	1608	1588	1553	47279
1597	1608	1588	1553	47344
1597	1607	1587	1552	47346
1598	1609	1588	1553	47352
1598	1608	1588	1553	47409
1596	1607	1587	1552	47414
1596	1606	1586	1551	47467
1596	1607	1587	1551	47529
1597	1608	1588	1553	47537
1596	1607	1587	1552	47597
1597	1607	1588	1553	47663
1596	1607	1587	1551	47671
1597	1608	1588	1553	47725
1598	1609	1589	1554	47782
1598	1608	1589	1553	47835
1597	1608	1587	1552	47838
1596	1607	1587	1552	47897
1596	1607	1587	1551	47902
1598	1609	1588	1553	47961
1597	1608	1588	1553	48024
1597	1608	1587	1553	48032
1597	1608	1587	1552	48087
1597	1607	1587	1552	48096
1597	1608	1588	1552	48150
1597	1607	1586	1552	48213
1596	1607	1587	1552	48266
1596	1607	1587	1552	48269
1597	1607	1587	1552	48328
1597	1607	1587	1552	48378
1597	1608	1587	1552	48444
1596	1608	1587	1552	48451
1596	1608	1587	1553	48498
1596	1607	1587	1551	48554
1596	1607	1586	1552	48562
1597	1607	1587	1552	48606
1596	1607	1587	1553	48657
1597	1608	1588	1553	48666
1597	1607	1586	1552	48721
1597	1608	1587	1552	48784
1596	1607	1587	1552	48844
1597	1608	1588	1553	48894
1595	1607	1586	1551	48901
1596	1606	1586	1551	48958
1596	1607	1587	1552	48960
1596	1607	1587	1552	49018
1597	1607	1588	1553	49079
1596	1607	1587	1552	49083
1596	1607	1587	1552	49144
1596	1607	1587	1552	49195
1596	1607	1587	1552	49200
1597	1608	1587	1553	49262
1597	1608	1588	1552	49323
1597	1608	1587	1552	49328
1596	1607	1586	1552	49385
1598	1608	1588	1553	49441
